269.0 1.969 1
259.0 1.362 1
247.0 1.934 1
253.0 1.47 1
247.0 1.734 1
296.0 1.617 1
251.0 1.547 1
237.0 1.472 1
248.0 1.739 1
284.0 1.567 1
262.0 1.453 1
276.0 1.709 1
261.0 1.853 1
258.0 1.676 1
266.0 1.547 1
295.0 1.541 1
287.0 1.323 1
304.0 1.433 1
307.0 1.546 1
235.0 1.733 1
304.0 1.811 1
259.0 1.645 1
297.0 1.572 1
293.0 1.809 1
274.0 2.106 1
262.0 1.556 1
289.0 1.571 1
273.0 1.976 1
273.0 1.309 1
251.0 1.912 1
259.0 1.878 1
262.0 1.4 1
239.0 1.741 1
290.0 1.317 1
306.0 1.658 1
271.0 1.588 1
279.0 1.656 1
258.0 1.781 1
240.0 1.634 1
245.0 1.325 1
268.0 1.856 1
265.0 1.423 1
277.0 1.388 1
284.0 1.483 1
255.0 1.673 1
268.0 1.701 1
276.0 1.543 1
284.0 1.616 1
252.0 1.408 1
261.0 1.442 1
274.0 1.516 1
304.0 1.706 1
303.0 1.645 1
294.0 1.716 1
288.0 1.422 1
280.0 2.138 1
286.0 1.506 1
273.0 1.741 1
286.0 1.753 1
268.0 1.406 1
282.0 1.707 1
256.0 1.441 1
234.0 1.395 1
258.0 1.595 1
262.0 1.375 1
262.0 1.436 1
264.0 1.667 1
291.0 1.482 1
279.0 1.561 1
274.0 1.59 1
306.0 1.504 1
282.0 1.53 1
269.0 1.219 1
291.0 1.354 1
297.0 1.567 1
297.0 1.382 1
265.0 1.268 1
271.0 1.405 1
263.0 1.279 1
273.0 1.458 1
280.0 1.33 1
291.0 1.578 1
286.0 1.361 1
261.0 1.62 1
258.0 1.926 1
253.0 1.356 1
292.0 1.646 1
291.0 1.65 1
313.0 1.489 1
290.0 1.513 1
260.0 1.703 1
290.0 1.307 1
272.0 1.772 1
304.0 1.304 1
295.0 1.391 1
277.0 1.362 1
281.0 1.377 1
282.0 1.619 1
286.0 1.954 1
285.0 1.644 1
322.0 1.402 1
279.0 1.408 1
274.0 1.501 1
265.0 1.65 1
265.0 1.459 1
271.0 1.492 1
296.0 1.575 1
275.0 1.473 1
292.0 1.49 1
294.0 1.497 1
273.0 1.426 1
318.0 1.25 1
290.0 1.344 1
319.0 1.513 1
284.0 1.619 1
253.0 1.418 1
260.0 1.645 1
301.0 1.501 1
287.0 1.66 1
271.0 1.48 1
254.0 1.271 1
247.0 1.346 1
311.0 1.665 1
277.0 1.561 1
288.0 1.44 1
317.0 1.32 1
281.0 1.689 1
294.0 1.588 1
293.0 1.344 1
277.0 1.49 1
303.0 1.439 1
306.0 1.416 1
310.0 1.343 1
253.0 1.449 1
246.0 1.861 1
301.0 1.507 1
238.0 1.665 1
272.0 1.491 1
277.0 1.338 1
272.0 1.414 1
249.0 1.701 1
301.0 1.441 1
316.0 1.756 1
273.0 1.469 1
286.0 1.285 1
283.0 1.692 1
292.0 1.237 1
264.0 1.426 1
309.0 1.509 1
331.0 1.466 1
273.0 1.135 1
287.0 1.244 1
281.0 1.371 1
264.0 1.381 1
281.0 1.549 1
252.0 1.522 1
262.0 1.53 1
273.0 1.451 1
267.0 1.486 1
289.0 1.399 1
279.0 1.344 1
278.0 1.44 1
263.0 1.248 1
306.0 1.717 1
284.0 1.391 1
308.0 1.487 1
334.0 1.246 1
301.0 1.443 1
278.0 1.261 1
324.0 1.526 1
323.0 1.548 1
267.0 1.542 1
290.0 1.471 1
287.0 1.508 1
302.0 1.437 1
299.0 1.252 1
266.0 1.782 1
278.0 1.629 1
308.0 1.506 1
256.0 1.769 1
292.0 1.682 1
277.0 1.693 1
297.0 1.231 1
270.0 1.253 1
295.0 1.403 1
310.0 1.532 1
292.0 1.333 1
284.0 2.082 1
257.0 1.324 1
297.0 1.605 1
314.0 1.463 1
272.0 1.418 1
291.0 1.566 1
280.0 1.139 1
313.0 1.502 1
284.0 1.808 1
273.0 1.5 1
255.0 1.401 1
283.0 1.396 1
306.0 1.356 1
307.0 1.257 1
300.0 1.57 1
301.0 1.07 1
305.0 1.436 1
292.0 1.522 1
278.0 1.355 1
335.0 1.242 1
321.0 1.602 1
323.0 1.301 1
284.0 1.508 1
259.0 1.931 1
300.0 1.415 1
297.0 1.973 1
254.0 1.58 1
301.0 1.496 1
308.0 1.404 1
290.0 1.566 1
303.0 1.595 1
344.0 1.706 1
273.0 1.299 1
308.0 1.822 1
300.0 1.468 1
304.0 1.328 1
324.0 1.325 1
333.0 1.464 1
326.0 1.582 1
289.0 1.502 1
320.0 1.512 1
298.0 1.497 1
291.0 1.579 1
267.0 1.364 1
304.0 1.264 1
308.0 1.421 1
289.0 1.465 1
299.0 1.426 1
300.0 1.26 1
292.0 1.456 1
290.0 1.439 1
298.0 1.395 1
312.0 1.695 1
311.0 1.324 1
324.0 1.421 1
347.0 1.524 1
284.0 1.399 1
269.0 1.969 1
259.0 1.362 1
247.0 1.934 1
253.0 1.47 1
247.0 1.734 1
296.0 1.617 1
251.0 1.547 1
237.0 1.472 1
248.0 1.739 1
284.0 1.567 1
262.0 1.453 1
276.0 1.709 1
261.0 1.853 1
258.0 1.676 1
266.0 1.547 1
295.0 1.541 1
287.0 1.323 1
304.0 1.433 1
307.0 1.546 1
235.0 1.733 1
304.0 1.811 1
259.0 1.645 1
297.0 1.572 1
293.0 1.809 1
274.0 2.106 1
262.0 1.556 1
289.0 1.571 1
273.0 1.976 1
273.0 1.309 1
251.0 1.912 1
259.0 1.878 1
262.0 1.4 1
239.0 1.741 1
290.0 1.317 1
306.0 1.658 1
271.0 1.588 1
279.0 1.656 1
258.0 1.781 1
240.0 1.634 1
245.0 1.325 1
268.0 1.856 1
265.0 1.423 1
277.0 1.388 1
284.0 1.483 1
255.0 1.673 1
268.0 1.701 1
276.0 1.543 1
284.0 1.616 1
252.0 1.408 1
261.0 1.442 1
274.0 1.516 1
304.0 1.706 1
303.0 1.645 1
294.0 1.716 1
288.0 1.422 1
280.0 2.138 1
286.0 1.506 1
273.0 1.741 1
286.0 1.753 1
268.0 1.406 1
282.0 1.707 1
256.0 1.441 1
234.0 1.395 1
258.0 1.595 1
262.0 1.375 1
262.0 1.436 1
264.0 1.667 1
291.0 1.482 1
279.0 1.561 1
274.0 1.59 1
306.0 1.504 1
282.0 1.53 1
269.0 1.219 1
291.0 1.354 1
297.0 1.567 1
297.0 1.382 1
265.0 1.268 1
271.0 1.405 1
263.0 1.279 1
273.0 1.458 1
280.0 1.33 1
291.0 1.578 1
286.0 1.361 1
261.0 1.62 1
258.0 1.926 1
253.0 1.356 1
292.0 1.646 1
291.0 1.65 1
313.0 1.489 1
290.0 1.513 1
260.0 1.703 1
290.0 1.307 1
272.0 1.772 1
304.0 1.304 1
295.0 1.391 1
277.0 1.362 1
281.0 1.377 1
282.0 1.619 1
286.0 1.954 1
285.0 1.644 1
322.0 1.402 1
279.0 1.408 1
274.0 1.501 1
265.0 1.65 1
265.0 1.459 1
271.0 1.492 1
296.0 1.575 1
275.0 1.473 1
292.0 1.49 1
294.0 1.497 1
273.0 1.426 1
318.0 1.25 1
290.0 1.344 1
319.0 1.513 1
284.0 1.619 1
253.0 1.418 1
260.0 1.645 1
301.0 1.501 1
287.0 1.66 1
271.0 1.48 1
254.0 1.271 1
247.0 1.346 1
311.0 1.665 1
277.0 1.561 1
288.0 1.44 1
317.0 1.32 1
281.0 1.689 1
294.0 1.588 1
293.0 1.344 1
277.0 1.49 1
303.0 1.439 1
306.0 1.416 1
310.0 1.343 1
253.0 1.449 1
246.0 1.861 1
301.0 1.507 1
238.0 1.665 1
272.0 1.491 1
277.0 1.338 1
272.0 1.414 1
249.0 1.701 1
301.0 1.441 1
316.0 1.756 1
273.0 1.469 1
286.0 1.285 1
283.0 1.692 1
292.0 1.237 1
264.0 1.426 1
309.0 1.509 1
331.0 1.466 1
273.0 1.135 1
287.0 1.244 1
281.0 1.371 1
264.0 1.381 1
281.0 1.549 1
252.0 1.522 1
262.0 1.53 1
273.0 1.451 1
267.0 1.486 1
289.0 1.399 1
279.0 1.344 1
278.0 1.44 1
263.0 1.248 1
306.0 1.717 1
284.0 1.391 1
308.0 1.487 1
334.0 1.246 1
301.0 1.443 1
278.0 1.261 1
324.0 1.526 1
323.0 1.548 1
267.0 1.542 1
290.0 1.471 1
287.0 1.508 1
302.0 1.437 1
299.0 1.252 1
266.0 1.782 1
278.0 1.629 1
308.0 1.506 1
256.0 1.769 1
292.0 1.682 1
277.0 1.693 1
297.0 1.231 1
270.0 1.253 1
295.0 1.403 1
310.0 1.532 1
292.0 1.333 1
284.0 2.082 1
257.0 1.324 1
297.0 1.605 1
314.0 1.463 1
272.0 1.418 1
291.0 1.566 1
280.0 1.139 1
313.0 1.502 1
284.0 1.808 1
273.0 1.5 1
255.0 1.401 1
283.0 1.396 1
306.0 1.356 1
307.0 1.257 1
300.0 1.57 1
301.0 1.07 1
305.0 1.436 1
292.0 1.522 1
278.0 1.355 1
335.0 1.242 1
321.0 1.602 1
323.0 1.301 1
284.0 1.508 1
259.0 1.931 1
300.0 1.415 1
297.0 1.973 1
254.0 1.58 1
301.0 1.496 1
308.0 1.404 1
290.0 1.566 1
303.0 1.595 1
344.0 1.706 1
273.0 1.299 1
308.0 1.822 1
300.0 1.468 1
304.0 1.328 1
324.0 1.325 1
333.0 1.464 1
326.0 1.582 1
289.0 1.502 1
320.0 1.512 1
298.0 1.497 1
291.0 1.579 1
267.0 1.364 1
304.0 1.264 1
308.0 1.421 1
289.0 1.465 1
299.0 1.426 1
300.0 1.26 1
292.0 1.456 1
290.0 1.439 1
298.0 1.395 1
312.0 1.695 1
311.0 1.324 1
324.0 1.421 1
347.0 1.524 1
284.0 1.399 1
297.0 1.308 1
307.0 1.309 1
319.0 1.436 1
269.0 1.103 1
294.0 1.519 1
300.0 1.361 1
286.0 1.513 1
336.0 1.782 1
291.0 1.512 1
287.0 1.319 1
311.0 1.546 1
289.0 1.437 1
309.0 1.588 1
323.0 1.34 1
310.0 1.375 1
307.0 1.262 1
290.0 1.173 1
310.0 1.665 1
328.0 1.455 1
329.0 1.465 1
331.0 1.406 1
330.0 1.444 1
274.0 1.405 1
278.0 1.325 1
264.0 1.25 1
287.0 1.441 1
284.0 1.393 1
287.0 1.497 1
278.0 1.653 1
302.0 1.431 1
299.0 1.252 1
309.0 1.653 1
309.0 1.497 1
321.0 1.726 1
301.0 1.352 1
292.0 1.238 1
282.0 1.746 1
320.0 1.617 1
298.0 1.446 1
320.0 1.135 1
316.0 1.521 1
331.0 1.514 1
301.0 1.648 1
292.0 1.511 1
294.0 1.51 1
318.0 1.468 1
303.0 1.65 1
319.0 1.507 1
304.0 1.406 1
317.0 2.227 1
305.0 1.401 1
319.0 1.361 1
305.0 1.291 1
335.0 1.524 1
333.0 1.391 1
333.0 1.259 1
312.0 1.334 1
331.0 1.346 1
329.0 1.313 1
325.0 1.21 1
314.0 1.313 1
298.0 1.407 1
296.0 1.709 1
288.0 1.624 1
294.0 1.738 1
297.0 1.395 1
272.0 1.213 1
326.0 1.264 1
346.0 1.622 1
313.0 1.582 1
329.0 1.239 1
307.0 1.67 1
311.0 1.645 1
333.0 1.169 1
313.0 1.582 1
347.0 1.548 1
322.0 1.395 1
327.0 1.364 1
350.0 1.343 1
288.0 1.779 2
287.0 1.833 2
277.0 1.786 2
299.0 2.243 2
333.0 2.762 2
330.0 3.069 2
373.0 2.682 2
393.0 3.065 2
384.0 3.428 2
415.0 3.334 2
417.0 3.595 2
423.0 3.474 2
368.0 3.088 2
330.0 2.766 2
297.0 2.953 2
326.0 3.016 2
269.0 2.649 2
263.0 2.468 2
226.0 2.098 2
303.0 1.9 2
261.0 1.825 2
298.0 2.232 2
332.0 2.212 2
366.0 2.895 2
391.0 2.908 2
454.0 3.149 2
446.0 3.401 2
439.0 3.624 2
444.0 3.713 2
464.0 4.0 2
414.0 3.959 2
448.0 3.974 2
394.0 3.772 2
376.0 3.896 2
336.0 3.381 2
276.0 3.234 2
285.0 2.836 2
259.0 2.346 2
303.0 2.447 2
322.0 2.147 2
358.0 1.893 2
389.0 2.32 2
452.0 2.84 2
430.0 3.257 2
455.0 3.379 2
510.0 3.701 2
501.0 3.762 2
451.0 3.602 2
455.0 3.884 2
439.0 3.817 2
418.0 4.072 2
421.0 4.069 2
369.0 4.082 2
408.0 3.904 2
386.0 4.097 2
310.0 3.891 2
282.0 3.299 2
323.0 2.715 2
330.0 2.59 2
396.0 2.483 2
453.0 1.935 2
463.0 2.353 2
435.0 3.332 2
499.0 3.866 2
473.0 3.571 2
459.0 3.668 2
477.0 4.138 2
445.0 3.988 2
446.0 3.615 2
442.0 4.387 2
466.0 4.208 2
450.0 4.122 2
397.0 4.527 2
433.0 4.58 2
372.0 3.973 2
344.0 4.013 2
332.0 3.5 2
396.0 3.945 2
478.0 2.437 2
465.0 2.559 2
479.0 2.346 2
489.0 2.856 2
488.0 3.537 2
477.0 4.218 2
486.0 4.168 2
473.0 4.466 2
482.0 4.375 2
445.0 4.985 2
475.0 4.566 2
492.0 4.388 2
438.0 4.337 2
467.0 4.653 2
453.0 4.073 2
410.0 4.418 2
398.0 4.159 2
350.0 4.052 2
473.0 3.914 2
437.0 3.379 2
479.0 3.264 2
471.0 2.916 2
512.0 3.14 2
488.0 2.908 2
455.0 3.58 2
488.0 3.603 2
493.0 3.898 2
486.0 3.95 2
447.0 4.066 2
503.0 4.283 2
479.0 4.504 2
433.0 4.624 2
458.0 4.4 2
440.0 4.811 2
446.0 4.783 2
345.0 4.44 2
400.0 4.374 2
498.0 4.701 2
510.0 4.128 2
489.0 3.86 2
532.0 3.929 2
499.0 2.803 2
493.0 3.111 2
472.0 3.818 2
417.0 3.862 2
489.0 4.39 2
545.0 4.528 2
486.0 4.521 2
468.0 4.391 2
485.0 4.579 2
412.0 4.115 2
431.0 4.265 2
496.0 4.487 2
440.0 4.583 2
419.0 4.365 2
447.0 4.68 2
463.0 4.451 2
504.0 4.1 2
537.0 4.144 2
488.0 4.298 2
521.0 3.59 2
504.0 3.045 2
445.0 3.142 2
510.0 4.062 2
464.0 3.669 2
480.0 4.439 2
489.0 3.945 2
482.0 4.474 2
483.0 4.258 2
460.0 4.429 2
458.0 4.483 2
499.0 4.623 2
477.0 4.406 2
444.0 4.75 2
441.0 4.658 2
462.0 4.166 2
513.0 4.426 2
514.0 4.402 2
532.0 4.283 2
480.0 4.12 2
461.0 4.071 2
474.0 3.408 2
485.0 3.69 2
504.0 3.718 2
440.0 3.956 2
471.0 4.075 2
451.0 4.246 2
499.0 4.206 2
469.0 4.097 2
478.0 4.379 2
465.0 4.682 2
462.0 4.397 2
407.0 4.271 2
430.0 4.655 2
475.0 4.436 2
504.0 4.403 2
505.0 4.329 2
509.0 4.521 2
497.0 4.085 2
466.0 4.155 2
460.0 3.994 2
453.0 3.434 2
476.0 2.884 2
474.0 3.837 2
455.0 3.59 2
475.0 4.049 2
468.0 4.311 2
445.0 4.545 2
463.0 4.41 2
473.0 4.483 2
451.0 4.694 2
431.0 4.637 2
450.0 4.799 2
521.0 4.558 2
497.0 4.4 2
494.0 4.673 2
497.0 4.83 2
446.0 4.265 2
498.0 4.352 2
496.0 4.295 2
493.0 3.748 2
467.0 3.585 2
475.0 3.245 2
478.0 4.031 2
450.0 3.758 2
522.0 4.593 2
455.0 4.097 2
506.0 4.186 2
445.0 4.207 2
427.0 4.558 2
444.0 4.239 2
441.0 4.188 2
511.0 4.306 2
517.0 4.457 2
491.0 4.491 2
496.0 4.64 2
515.0 4.294 2
456.0 4.459 2
509.0 4.044 2
491.0 3.929 2
465.0 3.454 2
522.0 3.776 2
527.0 3.751 2
464.0 3.397 2
518.0 3.755 2
482.0 4.196 2
470.0 4.0 2
463.0 4.613 2
475.0 3.983 2
455.0 4.247 2
436.0 4.716 2
465.0 4.608 2
468.0 4.89 2
523.0 4.277 2
481.0 4.762 2
508.0 4.164 2
503.0 4.364 2
456.0 4.265 2
452.0 3.855 2
524.0 4.555 2
453.0 3.778 2
453.0 3.43 2
493.0 2.881 2
481.0 3.879 2
524.0 3.805 2
466.0 4.118 2
456.0 3.998 2
436.0 4.128 2
398.0 4.808 2
397.0 4.397 2
456.0 4.356 2
531.0 4.506 2
506.0 4.51 2
501.0 4.424 2
473.0 4.7 2
473.0 4.843 2
473.0 4.284 2
477.0 4.36 2
455.0 4.816 2
501.0 4.232 2
467.0 3.507 2
491.0 3.227 2
472.0 2.962 2
458.0 3.2 2
455.0 4.146 2
460.0 3.732 2
467.0 4.02 2
439.0 4.46 2
347.0 4.338 2
417.0 4.544 2
486.0 4.311 2
484.0 4.4 2
533.0 4.086 2
471.0 5.182 2
477.0 4.339 2
495.0 4.86 2
455.0 4.582 2
471.0 4.235 2
486.0 4.163 2
493.0 3.995 2
468.0 3.355 2
491.0 3.138 2
487.0 2.681 2
500.0 3.501 2
460.0 3.868 2
450.0 3.881 2
438.0 4.36 2
292.0 4.667 2
372.0 4.575 2
449.0 3.969 2
470.0 4.694 2
477.0 4.542 2
534.0 4.3 2
482.0 4.828 2
464.0 4.526 2
535.0 4.403 2
506.0 4.206 2
461.0 3.876 2
466.0 4.448 2
452.0 4.026 2
489.0 3.293 2
446.0 2.885 2
468.0 2.27 2
442.0 3.04 2
425.0 3.284 2
338.0 3.844 2
310.0 4.214 2
350.0 4.667 2
406.0 4.03 2
470.0 4.261 2
503.0 4.368 2
467.0 4.029 2
452.0 4.199 2
492.0 4.109 2
458.0 4.656 2
516.0 4.155 2
488.0 4.757 2
500.0 4.263 2
475.0 3.915 2
459.0 3.215 2
458.0 3.066 2
444.0 3.035 2
438.0 1.807 2
370.0 2.351 2
334.0 2.985 2
294.0 3.254 2
299.0 3.789 2
328.0 3.934 2
418.0 4.316 2
470.0 3.918 2
463.0 4.061 2
461.0 4.567 2
465.0 4.438 2
486.0 4.436 2
425.0 4.154 2
420.0 4.255 2
465.0 4.237 2
455.0 3.823 2
453.0 3.882 2
431.0 3.38 2
416.0 2.762 2
369.0 2.388 2
329.0 2.014 2
314.0 1.873 2
280.0 2.799 2
316.0 3.28 2
330.0 3.47 2
312.0 3.782 2
381.0 4.115 2
440.0 3.853 2
437.0 3.705 2
449.0 4.302 2
406.0 3.992 2
458.0 4.259 2
465.0 4.133 2
432.0 4.404 2
452.0 3.736 2
445.0 3.745 2
393.0 3.003 2
335.0 3.154 2
299.0 2.359 2
277.0 2.326 2
284.0 1.966 2
260.0 2.139 3
250.0 2.24 3
278.0 2.18 3
283.0 2.224 3
282.0 2.229 3
288.0 2.387 3
288.0 2.907 3
344.0 2.823 3
311.0 2.483 3
343.0 3.299 3
351.0 2.884 3
288.0 2.772 3
325.0 2.726 3
308.0 2.567 3
307.0 2.238 3
312.0 2.288 3
319.0 1.88 3
281.0 1.789 3
310.0 1.602 3
280.0 1.943 3
291.0 1.935 3
295.0 2.198 3
308.0 2.006 3
336.0 2.4 3
346.0 2.757 3
398.0 2.851 3
399.0 2.715 3
405.0 3.221 3
396.0 3.303 3
385.0 3.455 3
411.0 3.58 3
353.0 2.803 3
340.0 3.282 3
298.0 2.911 3
325.0 2.662 3
312.0 2.591 3
334.0 2.129 3
282.0 2.251 3
261.0 1.937 3
311.0 1.704 3
301.0 1.961 3
316.0 1.95 3
369.0 2.512 3
432.0 2.488 3
385.0 2.942 3
390.0 2.929 3
408.0 3.313 3
454.0 3.517 3
401.0 3.489 3
459.0 3.592 3
428.0 3.427 3
387.0 3.5 3
350.0 3.271 3
335.0 3.302 3
292.0 3.063 3
303.0 2.857 3
313.0 2.871 3
265.0 2.083 3
329.0 1.69 3
377.0 1.994 3
412.0 2.178 3
354.0 2.874 3
411.0 2.621 3
411.0 3.307 3
444.0 3.259 3
461.0 3.693 3
451.0 3.958 3
442.0 3.432 3
502.0 3.369 3
443.0 3.798 3
440.0 3.412 3
406.0 3.209 3
401.0 3.259 3
348.0 3.668 3
296.0 3.265 3
301.0 3.578 3
307.0 2.783 3
349.0 2.472 3
425.0 1.894 3
413.0 1.808 3
410.0 2.565 3
448.0 3.444 3
449.0 3.244 3
436.0 3.272 3
420.0 3.651 3
473.0 3.128 3
468.0 3.904 3
467.0 3.704 3
458.0 3.817 3
461.0 3.47 3
441.0 3.458 3
421.0 4.17 3
403.0 3.86 3
336.0 3.595 3
331.0 3.604 3
349.0 3.102 3
343.0 2.888 3
407.0 3.05 3
454.0 2.147 3
417.0 1.998 3
459.0 2.898 3
441.0 3.284 3
441.0 3.561 3
495.0 3.236 3
437.0 3.896 3
477.0 3.8 3
416.0 4.087 3
468.0 3.714 3
442.0 3.722 3
474.0 3.63 3
479.0 3.717 3
435.0 3.637 3
389.0 3.209 3
288.0 3.283 3
365.0 3.782 3
428.0 3.972 3
404.0 3.371 3
419.0 3.31 3
436.0 2.643 3
436.0 2.201 3
456.0 2.81 3
475.0 3.048 3
424.0 3.157 3
471.0 3.458 3
435.0 3.788 3
453.0 3.619 3
453.0 3.491 3
491.0 3.9 3
469.0 3.444 3
457.0 3.58 3
505.0 3.675 3
382.0 3.594 3
379.0 3.588 3
391.0 3.784 3
386.0 3.569 3
410.0 3.559 3
458.0 3.836 3
457.0 3.206 3
443.0 2.89 3
427.0 2.325 3
492.0 2.944 3
491.0 3.243 3
475.0 3.661 3
466.0 3.441 3
490.0 3.315 3
525.0 3.962 3
464.0 3.436 3
455.0 3.792 3
527.0 4.049 3
449.0 3.874 3
458.0 3.739 3
390.0 3.793 3
364.0 3.615 3
403.0 3.745 3
381.0 3.731 3
475.0 3.722 3
482.0 3.33 3
468.0 3.207 3
485.0 3.262 3
426.0 3.117 3
480.0 3.041 3
469.0 3.418 3
453.0 3.486 3
454.0 3.849 3
465.0 3.438 3
490.0 3.734 3
458.0 4.266 3
439.0 4.208 3
480.0 3.75 3
472.0 3.766 3
393.0 3.809 3
453.0 3.95 3
434.0 3.721 3
424.0 4.087 3
431.0 3.623 3
452.0 3.722 3
480.0 3.308 3
457.0 3.421 3
492.0 3.469 3
471.0 2.834 3
483.0 3.166 3
489.0 3.299 3
484.0 4.025 3
481.0 3.239 3
466.0 3.674 3
492.0 3.588 3
503.0 3.837 3
447.0 3.527 3
459.0 3.489 3
450.0 4.274 3
390.0 3.534 3
428.0 3.834 3
405.0 3.643 3
445.0 3.893 3
444.0 3.594 3
409.0 3.898 3
474.0 3.079 3
479.0 3.721 3
431.0 2.845 3
460.0 2.824 3
458.0 3.337 3
481.0 3.057 3
485.0 3.7 3
464.0 3.91 3
489.0 3.697 3
484.0 4.185 3
496.0 3.862 3
485.0 3.53 3
446.0 3.851 3
412.0 4.057 3
430.0 3.622 3
458.0 3.7 3
473.0 4.163 3
481.0 3.864 3
462.0 3.742 3
473.0 3.398 3
473.0 3.435 3
459.0 3.415 3
475.0 3.117 3
517.0 2.6 3
448.0 3.154 3
545.0 2.952 3
514.0 3.412 3
490.0 3.923 3
457.0 4.047 3
509.0 3.596 3
482.0 3.928 3
424.0 3.64 3
374.0 3.611 3
408.0 3.387 3
437.0 3.663 3
441.0 3.782 3
465.0 3.993 3
460.0 3.811 3
513.0 3.634 3
464.0 3.306 3
449.0 3.713 3
485.0 3.13 3
443.0 3.191 3
457.0 2.958 3
448.0 2.682 3
450.0 3.471 3
469.0 3.251 3
497.0 3.661 3
449.0 4.273 3
455.0 3.352 3
394.0 3.879 3
431.0 3.73 3
426.0 3.801 3
450.0 3.959 3
430.0 3.683 3
441.0 4.024 3
445.0 3.622 3
446.0 3.705 3
452.0 3.99 3
497.0 3.737 3
463.0 3.82 3
467.0 3.409 3
458.0 2.901 3
522.0 2.759 3
498.0 2.657 3
458.0 3.281 3
483.0 3.31 3
442.0 2.987 3
457.0 3.373 3
419.0 4.026 3
427.0 3.7 3
425.0 3.635 3
439.0 3.688 3
411.0 4.297 3
438.0 3.607 3
468.0 3.712 3
468.0 3.377 3
506.0 3.854 3
494.0 3.659 3
468.0 3.232 3
489.0 3.583 3
478.0 3.156 3
440.0 3.026 3
487.0 2.548 3
468.0 2.854 3
459.0 2.678 3
462.0 3.182 3
421.0 3.513 3
406.0 3.755 3
374.0 3.781 3
409.0 3.741 3
433.0 3.891 3
455.0 3.888 3
445.0 3.697 3
460.0 3.445 3
443.0 3.973 3
483.0 3.842 3
438.0 3.938 3
454.0 3.508 3
482.0 3.183 3
455.0 3.343 3
482.0 3.183 3
471.0 2.948 3
435.0 2.308 3
488.0 2.478 3
481.0 2.843 3
405.0 3.332 3
373.0 3.54 3
322.0 3.564 3
409.0 3.79 3
389.0 3.504 3
471.0 3.621 3
429.0 4.084 3
468.0 3.606 3
480.0 3.092 3
420.0 3.528 3
444.0 3.506 3
475.0 3.567 3
498.0 3.056 3
481.0 3.502 3
510.0 2.942 3
411.0 2.812 3
456.0 2.307 3
438.0 2.015 3
462.0 1.963 3
389.0 2.27 3
338.0 2.788 3
327.0 2.918 3
354.0 3.346 3
396.0 3.693 3
416.0 3.126 3
435.0 3.801 3
417.0 3.598 3
458.0 3.201 3
457.0 3.46 3
443.0 3.489 3
476.0 3.492 3
447.0 3.11 3
437.0 3.134 3
468.0 2.714 3
468.0 2.533 3
432.0 2.744 3
423.0 2.409 3
362.0 1.787 3
354.0 2.271 3
333.0 1.978 3
274.0 2.376 3
336.0 3.125 3
378.0 2.722 3
408.0 3.312 3
441.0 3.518 3
431.0 3.503 3
431.0 3.511 3
422.0 3.429 3
432.0 3.462 3
455.0 3.272 3
491.0 3.459 3
481.0 2.839 3
431.0 3.232 3
415.0 2.938 3
426.0 2.929 3
372.0 2.11 3
361.0 1.913 3
340.0 2.011 3
309.0 1.499 3
278.0 2.252 3
270.0 2.054 3
310.0 2.065 3
363.0 2.818 3
388.0 3.543 3
382.0 2.909 3
388.0 3.179 3
441.0 3.703 3
437.0 3.279 3
420.0 3.129 3
414.0 3.303 3
412.0 2.718 3
425.0 2.998 3
400.0 3.226 3
401.0 2.567 3
364.0 2.337 3
320.0 2.017 3
324.0 2.03 3
290.0 1.602 3
321.0 1.307 4
326.0 1.795 4
320.0 1.711 4
317.0 1.19 4
335.0 1.343 4
310.0 1.367 4
327.0 1.466 4
342.0 1.382 4
316.0 1.531 4
328.0 1.276 4
305.0 1.472 4
323.0 1.234 4
320.0 1.499 4
347.0 1.473 4
289.0 1.507 4
298.0 1.778 4
319.0 1.421 4
303.0 1.189 4
322.0 1.512 4
296.0 1.264 4
325.0 1.278 4
300.0 1.483 4
348.0 1.601 4
312.0 1.385 4
323.0 1.296 4
329.0 1.311 4
345.0 1.31 4
317.0 1.497 4
344.0 1.644 4
347.0 1.534 4
336.0 1.702 4
317.0 1.085 4
337.0 1.489 4
335.0 1.399 4
293.0 1.43 4
341.0 1.391 4
305.0 1.538 4
292.0 1.554 4
292.0 1.381 4
303.0 1.624 4
315.0 1.428 4
329.0 1.258 4
329.0 1.409 4
333.0 1.846 4
348.0 1.53 4
333.0 1.572 4
371.0 1.54 4
381.0 1.576 4
394.0 1.477 4
375.0 1.528 4
363.0 1.534 4
366.0 1.762 4
351.0 1.751 4
334.0 2.004 4
320.0 1.926 4
320.0 1.547 4
337.0 1.34 4
331.0 1.442 4
301.0 1.609 4
330.0 1.507 4
327.0 1.341 4
336.0 1.286 4
361.0 1.606 4
345.0 1.427 4
332.0 1.535 4
389.0 1.531 4
364.0 1.613 4
387.0 1.714 4
403.0 1.625 4
385.0 1.547 4
352.0 1.998 4
331.0 1.758 4
335.0 1.774 4
331.0 2.052 4
335.0 1.933 4
322.0 2.101 4
288.0 1.798 4
336.0 2.146 4
337.0 1.448 4
329.0 1.648 4
386.0 1.423 4
355.0 1.659 4
384.0 1.482 4
374.0 1.702 4
407.0 1.415 4
360.0 1.644 4
376.0 1.617 4
398.0 1.617 4
377.0 1.683 4
396.0 2.076 4
374.0 2.0 4
358.0 1.902 4
350.0 2.379 4
345.0 2.409 4
298.0 2.428 4
339.0 2.145 4
332.0 2.072 4
354.0 2.277 4
376.0 1.919 4
374.0 2.009 4
355.0 2.229 4
395.0 2.048 4
391.0 1.978 4
421.0 1.504 4
384.0 1.648 4
418.0 1.945 4
392.0 1.432 4
375.0 1.557 4
397.0 2.283 4
350.0 2.042 4
348.0 1.854 4
378.0 2.072 4
335.0 1.989 4
352.0 2.134 4
341.0 2.454 4
321.0 2.156 4
364.0 2.129 4
390.0 2.335 4
363.0 1.866 4
394.0 2.189 4
409.0 1.768 4
371.0 2.106 4
420.0 2.083 4
421.0 1.95 4
367.0 2.02 4
408.0 1.447 4
364.0 1.598 4
385.0 1.539 4
401.0 1.639 4
361.0 1.855 4
364.0 1.799 4
391.0 2.284 4
343.0 2.059 4
311.0 2.321 4
335.0 2.132 4
354.0 2.274 4
385.0 2.27 4
371.0 2.2 4
373.0 2.334 4
395.0 1.972 4
401.0 2.356 4
404.0 2.042 4
406.0 2.064 4
363.0 1.993 4
416.0 2.084 4
398.0 1.854 4
384.0 1.41 4
343.0 1.54 4
343.0 1.827 4
391.0 2.093 4
373.0 2.226 4
366.0 2.421 4
356.0 2.256 4
325.0 2.126 4
385.0 2.389 4
372.0 2.468 4
412.0 2.4 4
371.0 2.12 4
366.0 2.231 4
353.0 2.227 4
375.0 2.202 4
396.0 2.263 4
366.0 2.104 4
409.0 1.988 4
348.0 2.158 4
385.0 2.05 4
361.0 1.906 4
382.0 1.835 4
344.0 1.557 4
373.0 1.792 4
364.0 1.965 4
327.0 2.263 4
371.0 2.29 4
373.0 2.21 4
382.0 2.556 4
372.0 2.487 4
372.0 2.163 4
409.0 2.585 4
339.0 2.638 4
324.0 2.72 4
373.0 2.349 4
371.0 2.325 4
384.0 2.496 4
410.0 2.289 4
382.0 2.194 4
386.0 2.066 4
373.0 2.51 4
382.0 2.051 4
372.0 1.649 4
355.0 1.745 4
355.0 1.873 4
364.0 2.299 4
368.0 1.979 4
341.0 2.25 4
397.0 2.401 4
377.0 2.513 4
386.0 2.15 4
382.0 2.158 4
397.0 2.413 4
368.0 2.611 4
398.0 2.392 4
373.0 2.39 4
380.0 2.19 4
390.0 2.781 4
379.0 2.536 4
379.0 2.213 4
383.0 2.276 4
366.0 2.395 4
335.0 2.407 4
348.0 2.295 4
344.0 1.601 4
357.0 2.135 4
338.0 1.963 4
405.0 2.259 4
393.0 2.17 4
376.0 2.514 4
379.0 2.231 4
386.0 2.465 4
396.0 2.439 4
386.0 2.297 4
388.0 2.717 4
354.0 2.419 4
395.0 2.042 4
372.0 2.282 4
375.0 2.464 4
363.0 2.366 4
405.0 2.1 4
357.0 2.017 4
323.0 2.313 4
342.0 2.145 4
370.0 2.105 4
370.0 1.941 4
344.0 1.728 4
375.0 2.209 4
380.0 2.407 4
410.0 2.252 4
390.0 2.345 4
359.0 2.551 4
364.0 2.506 4
371.0 2.614 4
374.0 2.34 4
365.0 2.224 4
333.0 2.518 4
361.0 2.315 4
357.0 2.447 4
370.0 2.26 4
352.0 2.551 4
351.0 2.292 4
333.0 2.177 4
344.0 2.209 4
373.0 2.163 4
391.0 2.211 4
365.0 2.432 4
388.0 2.15 4
332.0 2.214 4
362.0 2.063 4
391.0 2.604 4
352.0 2.479 4
364.0 2.656 4
377.0 2.545 4
398.0 2.375 4
366.0 2.44 4
349.0 2.758 4
385.0 2.314 4
355.0 2.302 4
317.0 2.486 4
328.0 2.368 4
352.0 2.351 4
349.0 2.569 4
351.0 2.445 4
349.0 2.203 4
377.0 2.425 4
369.0 2.013 4
340.0 1.916 4
362.0 2.008 4
364.0 2.328 4
407.0 2.171 4
376.0 2.345 4
389.0 2.101 4
342.0 2.408 4
366.0 2.492 4
364.0 2.344 4
374.0 2.098 4
358.0 2.396 4
357.0 2.534 4
291.0 2.364 4
330.0 2.533 4
300.0 2.534 4
337.0 2.343 4
331.0 2.375 4
353.0 2.327 4
386.0 2.259 4
366.0 2.246 4
367.0 1.99 4
353.0 1.777 4
355.0 2.093 4
365.0 1.788 4
363.0 2.052 4
375.0 2.323 4
363.0 2.699 4
361.0 2.056 4
323.0 2.426 4
353.0 2.117 4
319.0 2.364 4
332.0 2.633 4
331.0 2.256 4
326.0 2.441 4
338.0 2.156 4
358.0 2.539 4
350.0 2.532 4
367.0 2.499 4
381.0 2.611 4
368.0 2.177 4
410.0 2.168 4
376.0 2.029 4
355.0 2.033 4
337.0 1.871 4
388.0 2.062 4
362.0 2.352 4
361.0 2.32 4
356.0 2.424 4
326.0 2.249 4
329.0 2.503 4
275.0 2.265 4
300.0 2.342 4
327.0 2.468 4
318.0 2.474 4
330.0 2.357 4
361.0 2.368 4
361.0 2.551 4
335.0 2.585 4
362.0 2.389 4
380.0 2.528 4
366.0 2.14 4
340.0 1.831 4
392.0 2.086 4
358.0 1.654 4
339.0 1.955 4
342.0 2.534 4
359.0 2.275 4
310.0 2.165 4
295.0 2.236 4
272.0 2.389 4
283.0 2.339 4
290.0 2.222 4
324.0 2.712 4
321.0 2.185 4
334.0 2.28 4
346.0 2.732 4
355.0 2.483 4
349.0 2.352 4
366.0 2.492 4
343.0 2.233 4
336.0 2.44 4
364.0 1.882 4
342.0 2.304 4
332.0 1.713 4
319.0 1.52 4
297.0 1.603 4
311.0 1.971 4
297.0 2.461 4
278.0 2.243 4
275.0 2.408 4
284.0 2.401 4
297.0 2.502 4
283.0 2.316 4
360.0 2.315 4
320.0 2.327 4
350.0 2.447 4
336.0 2.167 4
337.0 2.206 4
315.0 2.503 4
347.0 2.634 4
340.0 2.31 4
336.0 2.183 4
297.0 2.52 4
309.0 2.034 4
303.0 1.998 4
306.0 1.793 4
265.0 1.909 4
295.0 1.923 4
269.0 1.845 4
269.0 2.054 4
268.0 2.325 4
298.0 2.599 4
324.0 2.532 4
306.0 2.356 4
293.0 2.404 4
322.0 2.385 4
329.0 2.399 4
327.0 2.092 4
303.0 2.294 4
315.0 2.172 4
341.0 2.394 4
311.0 2.229 4
306.0 1.85 4
263.0 2.148 4
281.0 1.863 4
262.0 2.004 4
249.0 1.58 5
241.0 1.577 5
273.0 1.453 5
233.0 1.876 5
280.0 1.663 5
251.0 1.128 5
243.0 1.464 5
239.0 1.146 5
260.0 1.198 5
253.0 1.2 5
257.0 1.565 5
224.0 2.001 5
287.0 1.263 5
237.0 1.566 5
231.0 1.334 5
248.0 1.265 5
250.0 1.83 5
260.0 1.553 5
250.0 1.414 5
229.0 1.479 5
236.0 1.596 5
296.0 1.617 5
254.0 1.249 5
264.0 1.299 5
282.0 1.445 5
256.0 1.573 5
220.0 1.606 5
242.0 1.354 5
230.0 1.395 5
248.0 1.62 5
224.0 1.235 5
232.0 1.559 5
248.0 1.268 5
262.0 1.411 5
256.0 1.527 5
238.0 1.099 5
214.0 1.225 5
261.0 1.482 5
267.0 1.305 5
263.0 1.322 5
201.0 1.464 5
243.0 1.835 5
226.0 1.405 5
236.0 1.736 5
256.0 1.615 5
231.0 1.509 5
238.0 1.336 5
249.0 1.625 5
247.0 1.126 5
249.0 1.428 5
272.0 1.217 5
247.0 1.843 5
251.0 1.264 5
225.0 1.379 5
250.0 1.344 5
238.0 1.004 5
249.0 1.274 5
227.0 1.106 5
237.0 1.332 5
233.0 1.044 5
260.0 1.553 5
248.0 1.453 5
231.0 1.949 5
236.0 1.456 5
243.0 1.382 5
246.0 1.523 5
246.0 1.385 5
250.0 1.558 5
247.0 1.44 5
207.0 1.271 5
244.0 1.07 5
259.0 1.063 5
247.0 1.114 5
255.0 1.62 5
233.0 1.083 5
234.0 1.342 5
242.0 1.396 5
238.0 1.506 5
265.0 1.11 5
228.0 1.579 5
245.0 1.861 5
278.0 1.408 5
251.0 1.507 5
239.0 1.35 5
239.0 1.394 5
236.0 1.547 5
205.0 1.421 5
239.0 1.169 5
229.0 1.322 5
246.0 1.363 5
249.0 1.126 5
243.0 1.635 5
250.0 1.128 5
232.0 1.223 5
220.0 1.555 5
225.0 1.257 5
218.0 1.175 5
230.0 1.142 5
241.0 1.34 5
228.0 1.112 5
242.0 0.964 5
230.0 1.262 5
247.0 1.201 5
242.0 1.262 5
236.0 1.329 5
246.0 1.353 5
223.0 1.196 5
223.0 1.543 5
251.0 1.378 5
247.0 1.252 5
232.0 1.065 5
240.0 1.1 5
248.0 1.225 5
227.0 1.237 5
271.0 1.314 5
253.0 1.014 5
248.0 1.126 5
234.0 1.11 5
257.0 1.043 5
234.0 1.295 5
262.0 1.179 5
247.0 1.168 5
244.0 1.082 5
231.0 1.065 5
249.0 1.314 5
251.0 1.375 5
243.0 1.554 5
241.0 1.369 5
256.0 1.268 5
248.0 1.154 5
269.0 1.969 1
259.0 1.362 1
247.0 1.934 1
253.0 1.47 1
247.0 1.734 1
296.0 1.617 1
251.0 1.547 1
237.0 1.472 1
248.0 1.739 1
284.0 1.567 1
262.0 1.453 1
276.0 1.709 1
261.0 1.853 1
258.0 1.676 1
266.0 1.547 1
295.0 1.541 1
287.0 1.323 1
304.0 1.433 1
307.0 1.546 1
235.0 1.733 1
304.0 1.811 1
259.0 1.645 1
297.0 1.572 1
293.0 1.809 1
274.0 2.106 1
262.0 1.556 1
289.0 1.571 1
273.0 1.976 1
273.0 1.309 1
251.0 1.912 1
259.0 1.878 1
262.0 1.4 1
239.0 1.741 1
290.0 1.317 1
306.0 1.658 1
271.0 1.588 1
279.0 1.656 1
258.0 1.781 1
240.0 1.634 1
245.0 1.325 1
268.0 1.856 1
265.0 1.423 1
277.0 1.388 1
284.0 1.483 1
255.0 1.673 1
268.0 1.701 1
276.0 1.543 1
284.0 1.616 1
252.0 1.408 1
261.0 1.442 1
274.0 1.516 1
304.0 1.706 1
303.0 1.645 1
294.0 1.716 1
288.0 1.422 1
280.0 2.138 1
286.0 1.506 1
273.0 1.741 1
286.0 1.753 1
268.0 1.406 1
282.0 1.707 1
256.0 1.441 1
234.0 1.395 1
258.0 1.595 1
262.0 1.375 1
262.0 1.436 1
264.0 1.667 1
291.0 1.482 1
279.0 1.561 1
274.0 1.59 1
306.0 1.504 1
282.0 1.53 1
269.0 1.219 1
291.0 1.354 1
297.0 1.567 1
297.0 1.382 1
265.0 1.268 1
271.0 1.405 1
263.0 1.279 1
273.0 1.458 1
280.0 1.33 1
291.0 1.578 1
286.0 1.361 1
261.0 1.62 1
258.0 1.926 1
253.0 1.356 1
292.0 1.646 1
291.0 1.65 1
313.0 1.489 1
290.0 1.513 1
260.0 1.703 1
290.0 1.307 1
272.0 1.772 1
304.0 1.304 1
295.0 1.391 1
277.0 1.362 1
281.0 1.377 1
282.0 1.619 1
286.0 1.954 1
285.0 1.644 1
322.0 1.402 1
279.0 1.408 1
274.0 1.501 1
265.0 1.65 1
265.0 1.459 1
271.0 1.492 1
296.0 1.575 1
275.0 1.473 1
292.0 1.49 1
294.0 1.497 1
273.0 1.426 1
318.0 1.25 1
290.0 1.344 1
319.0 1.513 1
284.0 1.619 1
253.0 1.418 1
260.0 1.645 1
301.0 1.501 1
287.0 1.66 1
271.0 1.48 1
254.0 1.271 1
247.0 1.346 1
311.0 1.665 1
277.0 1.561 1
288.0 1.44 1
317.0 1.32 1
281.0 1.689 1
294.0 1.588 1
293.0 1.344 1
277.0 1.49 1
303.0 1.439 1
306.0 1.416 1
310.0 1.343 1
253.0 1.449 1
246.0 1.861 1
301.0 1.507 1
238.0 1.665 1
272.0 1.491 1
277.0 1.338 1
272.0 1.414 1
249.0 1.701 1
301.0 1.441 1
316.0 1.756 1
273.0 1.469 1
286.0 1.285 1
283.0 1.692 1
292.0 1.237 1
264.0 1.426 1
309.0 1.509 1
331.0 1.466 1
273.0 1.135 1
287.0 1.244 1
281.0 1.371 1
264.0 1.381 1
281.0 1.549 1
252.0 1.522 1
262.0 1.53 1
273.0 1.451 1
267.0 1.486 1
289.0 1.399 1
279.0 1.344 1
278.0 1.44 1
263.0 1.248 1
306.0 1.717 1
284.0 1.391 1
308.0 1.487 1
334.0 1.246 1
301.0 1.443 1
278.0 1.261 1
324.0 1.526 1
323.0 1.548 1
267.0 1.542 1
290.0 1.471 1
287.0 1.508 1
302.0 1.437 1
299.0 1.252 1
266.0 1.782 1
278.0 1.629 1
308.0 1.506 1
256.0 1.769 1
292.0 1.682 1
277.0 1.693 1
297.0 1.231 1
270.0 1.253 1
295.0 1.403 1
310.0 1.532 1
292.0 1.333 1
284.0 2.082 1
257.0 1.324 1
297.0 1.605 1
314.0 1.463 1
272.0 1.418 1
291.0 1.566 1
280.0 1.139 1
313.0 1.502 1
284.0 1.808 1
273.0 1.5 1
255.0 1.401 1
283.0 1.396 1
306.0 1.356 1
307.0 1.257 1
300.0 1.57 1
301.0 1.07 1
305.0 1.436 1
292.0 1.522 1
278.0 1.355 1
335.0 1.242 1
321.0 1.602 1
323.0 1.301 1
284.0 1.508 1
259.0 1.931 1
300.0 1.415 1
297.0 1.973 1
254.0 1.58 1
301.0 1.496 1
308.0 1.404 1
290.0 1.566 1
303.0 1.595 1
344.0 1.706 1
273.0 1.299 1
308.0 1.822 1
300.0 1.468 1
304.0 1.328 1
324.0 1.325 1
333.0 1.464 1
326.0 1.582 1
289.0 1.502 1
320.0 1.512 1
298.0 1.497 1
291.0 1.579 1
267.0 1.364 1
304.0 1.264 1
308.0 1.421 1
289.0 1.465 1
299.0 1.426 1
300.0 1.26 1
292.0 1.456 1
290.0 1.439 1
298.0 1.395 1
312.0 1.695 1
311.0 1.324 1
324.0 1.421 1
347.0 1.524 1
284.0 1.399 1
297.0 1.308 1
307.0 1.309 1
319.0 1.436 1
269.0 1.103 1
294.0 1.519 1
300.0 1.361 1
286.0 1.513 1
336.0 1.782 1
291.0 1.512 1
287.0 1.319 1
311.0 1.546 1
289.0 1.437 1
309.0 1.588 1
323.0 1.34 1
310.0 1.375 1
307.0 1.262 1
290.0 1.173 1
310.0 1.665 1
328.0 1.455 1
329.0 1.465 1
331.0 1.406 1
330.0 1.444 1
274.0 1.405 1
278.0 1.325 1
264.0 1.25 1
287.0 1.441 1
284.0 1.393 1
287.0 1.497 1
278.0 1.653 1
302.0 1.431 1
299.0 1.252 1
309.0 1.653 1
309.0 1.497 1
321.0 1.726 1
301.0 1.352 1
292.0 1.238 1
282.0 1.746 1
320.0 1.617 1
298.0 1.446 1
320.0 1.135 1
316.0 1.521 1
331.0 1.514 1
301.0 1.648 1
292.0 1.511 1
294.0 1.51 1
318.0 1.468 1
303.0 1.65 1
319.0 1.507 1
304.0 1.406 1
317.0 2.227 1
305.0 1.401 1
319.0 1.361 1
305.0 1.291 1
335.0 1.524 1
333.0 1.391 1
333.0 1.259 1
312.0 1.334 1
331.0 1.346 1
329.0 1.313 1
325.0 1.21 1
314.0 1.313 1
298.0 1.407 1
296.0 1.709 1
288.0 1.624 1
294.0 1.738 1
297.0 1.395 1
272.0 1.213 1
326.0 1.264 1
346.0 1.622 1
313.0 1.582 1
329.0 1.239 1
307.0 1.67 1
311.0 1.645 1
333.0 1.169 1
313.0 1.582 1
347.0 1.548 1
322.0 1.395 1
327.0 1.364 1
350.0 1.343 1
288.0 1.779 2
287.0 1.833 2
277.0 1.786 2
299.0 2.243 2
333.0 2.762 2
330.0 3.069 2
373.0 2.682 2
393.0 3.065 2
384.0 3.428 2
415.0 3.334 2
417.0 3.595 2
423.0 3.474 2
368.0 3.088 2
330.0 2.766 2
297.0 2.953 2
326.0 3.016 2
269.0 2.649 2
263.0 2.468 2
226.0 2.098 2
303.0 1.9 2
261.0 1.825 2
298.0 2.232 2
332.0 2.212 2
366.0 2.895 2
391.0 2.908 2
454.0 3.149 2
446.0 3.401 2
439.0 3.624 2
444.0 3.713 2
464.0 4.0 2
414.0 3.959 2
448.0 3.974 2
394.0 3.772 2
376.0 3.896 2
336.0 3.381 2
276.0 3.234 2
285.0 2.836 2
259.0 2.346 2
303.0 2.447 2
322.0 2.147 2
358.0 1.893 2
389.0 2.32 2
452.0 2.84 2
430.0 3.257 2
455.0 3.379 2
510.0 3.701 2
501.0 3.762 2
451.0 3.602 2
455.0 3.884 2
439.0 3.817 2
418.0 4.072 2
421.0 4.069 2
369.0 4.082 2
408.0 3.904 2
386.0 4.097 2
310.0 3.891 2
282.0 3.299 2
323.0 2.715 2
330.0 2.59 2
396.0 2.483 2
453.0 1.935 2
463.0 2.353 2
435.0 3.332 2
499.0 3.866 2
473.0 3.571 2
459.0 3.668 2
477.0 4.138 2
445.0 3.988 2
446.0 3.615 2
442.0 4.387 2
466.0 4.208 2
450.0 4.122 2
397.0 4.527 2
433.0 4.58 2
372.0 3.973 2
344.0 4.013 2
332.0 3.5 2
396.0 3.945 2
478.0 2.437 2
465.0 2.559 2
479.0 2.346 2
489.0 2.856 2
488.0 3.537 2
477.0 4.218 2
486.0 4.168 2
473.0 4.466 2
482.0 4.375 2
445.0 4.985 2
475.0 4.566 2
492.0 4.388 2
438.0 4.337 2
467.0 4.653 2
453.0 4.073 2
410.0 4.418 2
398.0 4.159 2
350.0 4.052 2
473.0 3.914 2
437.0 3.379 2
479.0 3.264 2
471.0 2.916 2
512.0 3.14 2
488.0 2.908 2
455.0 3.58 2
488.0 3.603 2
493.0 3.898 2
486.0 3.95 2
447.0 4.066 2
503.0 4.283 2
479.0 4.504 2
433.0 4.624 2
458.0 4.4 2
440.0 4.811 2
446.0 4.783 2
345.0 4.44 2
400.0 4.374 2
498.0 4.701 2
510.0 4.128 2
489.0 3.86 2
532.0 3.929 2
499.0 2.803 2
493.0 3.111 2
472.0 3.818 2
417.0 3.862 2
489.0 4.39 2
545.0 4.528 2
486.0 4.521 2
468.0 4.391 2
485.0 4.579 2
412.0 4.115 2
431.0 4.265 2
496.0 4.487 2
440.0 4.583 2
419.0 4.365 2
447.0 4.68 2
463.0 4.451 2
504.0 4.1 2
537.0 4.144 2
488.0 4.298 2
521.0 3.59 2
504.0 3.045 2
445.0 3.142 2
510.0 4.062 2
464.0 3.669 2
480.0 4.439 2
489.0 3.945 2
482.0 4.474 2
483.0 4.258 2
460.0 4.429 2
458.0 4.483 2
499.0 4.623 2
477.0 4.406 2
444.0 4.75 2
441.0 4.658 2
462.0 4.166 2
513.0 4.426 2
514.0 4.402 2
532.0 4.283 2
480.0 4.12 2
461.0 4.071 2
474.0 3.408 2
485.0 3.69 2
504.0 3.718 2
440.0 3.956 2
471.0 4.075 2
451.0 4.246 2
499.0 4.206 2
469.0 4.097 2
478.0 4.379 2
465.0 4.682 2
462.0 4.397 2
407.0 4.271 2
430.0 4.655 2
475.0 4.436 2
504.0 4.403 2
505.0 4.329 2
509.0 4.521 2
497.0 4.085 2
466.0 4.155 2
460.0 3.994 2
453.0 3.434 2
476.0 2.884 2
474.0 3.837 2
455.0 3.59 2
475.0 4.049 2
468.0 4.311 2
445.0 4.545 2
463.0 4.41 2
473.0 4.483 2
451.0 4.694 2
431.0 4.637 2
450.0 4.799 2
521.0 4.558 2
497.0 4.4 2
494.0 4.673 2
497.0 4.83 2
446.0 4.265 2
498.0 4.352 2
496.0 4.295 2
493.0 3.748 2
467.0 3.585 2
475.0 3.245 2
478.0 4.031 2
450.0 3.758 2
522.0 4.593 2
455.0 4.097 2
506.0 4.186 2
445.0 4.207 2
427.0 4.558 2
444.0 4.239 2
441.0 4.188 2
511.0 4.306 2
517.0 4.457 2
491.0 4.491 2
496.0 4.64 2
515.0 4.294 2
456.0 4.459 2
509.0 4.044 2
491.0 3.929 2
465.0 3.454 2
522.0 3.776 2
527.0 3.751 2
464.0 3.397 2
518.0 3.755 2
482.0 4.196 2
470.0 4.0 2
463.0 4.613 2
475.0 3.983 2
455.0 4.247 2
436.0 4.716 2
465.0 4.608 2
468.0 4.89 2
523.0 4.277 2
481.0 4.762 2
508.0 4.164 2
503.0 4.364 2
456.0 4.265 2
452.0 3.855 2
524.0 4.555 2
453.0 3.778 2
453.0 3.43 2
493.0 2.881 2
481.0 3.879 2
524.0 3.805 2
466.0 4.118 2
456.0 3.998 2
436.0 4.128 2
398.0 4.808 2
397.0 4.397 2
456.0 4.356 2
531.0 4.506 2
506.0 4.51 2
501.0 4.424 2
473.0 4.7 2
473.0 4.843 2
473.0 4.284 2
477.0 4.36 2
455.0 4.816 2
501.0 4.232 2
467.0 3.507 2
491.0 3.227 2
472.0 2.962 2
458.0 3.2 2
455.0 4.146 2
460.0 3.732 2
467.0 4.02 2
439.0 4.46 2
347.0 4.338 2
417.0 4.544 2
486.0 4.311 2
484.0 4.4 2
533.0 4.086 2
471.0 5.182 2
477.0 4.339 2
495.0 4.86 2
455.0 4.582 2
471.0 4.235 2
486.0 4.163 2
493.0 3.995 2
468.0 3.355 2
491.0 3.138 2
487.0 2.681 2
500.0 3.501 2
460.0 3.868 2
450.0 3.881 2
438.0 4.36 2
292.0 4.667 2
372.0 4.575 2
449.0 3.969 2
470.0 4.694 2
477.0 4.542 2
534.0 4.3 2
482.0 4.828 2
464.0 4.526 2
535.0 4.403 2
506.0 4.206 2
461.0 3.876 2
466.0 4.448 2
452.0 4.026 2
489.0 3.293 2
446.0 2.885 2
468.0 2.27 2
442.0 3.04 2
425.0 3.284 2
338.0 3.844 2
310.0 4.214 2
350.0 4.667 2
406.0 4.03 2
470.0 4.261 2
503.0 4.368 2
467.0 4.029 2
452.0 4.199 2
492.0 4.109 2
458.0 4.656 2
516.0 4.155 2
488.0 4.757 2
500.0 4.263 2
475.0 3.915 2
459.0 3.215 2
458.0 3.066 2
444.0 3.035 2
438.0 1.807 2
370.0 2.351 2
334.0 2.985 2
294.0 3.254 2
299.0 3.789 2
328.0 3.934 2
418.0 4.316 2
470.0 3.918 2
463.0 4.061 2
461.0 4.567 2
465.0 4.438 2
486.0 4.436 2
425.0 4.154 2
420.0 4.255 2
465.0 4.237 2
455.0 3.823 2
453.0 3.882 2
431.0 3.38 2
416.0 2.762 2
369.0 2.388 2
329.0 2.014 2
314.0 1.873 2
280.0 2.799 2
316.0 3.28 2
330.0 3.47 2
312.0 3.782 2
381.0 4.115 2
440.0 3.853 2
437.0 3.705 2
449.0 4.302 2
406.0 3.992 2
458.0 4.259 2
465.0 4.133 2
432.0 4.404 2
452.0 3.736 2
445.0 3.745 2
393.0 3.003 2
335.0 3.154 2
299.0 2.359 2
277.0 2.326 2
284.0 1.966 2
260.0 2.139 3
250.0 2.24 3
278.0 2.18 3
283.0 2.224 3
282.0 2.229 3
288.0 2.387 3
288.0 2.907 3
344.0 2.823 3
311.0 2.483 3
343.0 3.299 3
351.0 2.884 3
288.0 2.772 3
325.0 2.726 3
308.0 2.567 3
307.0 2.238 3
312.0 2.288 3
319.0 1.88 3
281.0 1.789 3
310.0 1.602 3
280.0 1.943 3
291.0 1.935 3
295.0 2.198 3
308.0 2.006 3
336.0 2.4 3
346.0 2.757 3
398.0 2.851 3
399.0 2.715 3
405.0 3.221 3
396.0 3.303 3
385.0 3.455 3
411.0 3.58 3
353.0 2.803 3
340.0 3.282 3
298.0 2.911 3
325.0 2.662 3
312.0 2.591 3
334.0 2.129 3
282.0 2.251 3
261.0 1.937 3
311.0 1.704 3
301.0 1.961 3
316.0 1.95 3
369.0 2.512 3
432.0 2.488 3
385.0 2.942 3
390.0 2.929 3
408.0 3.313 3
454.0 3.517 3
401.0 3.489 3
459.0 3.592 3
428.0 3.427 3
387.0 3.5 3
350.0 3.271 3
335.0 3.302 3
292.0 3.063 3
303.0 2.857 3
313.0 2.871 3
265.0 2.083 3
329.0 1.69 3
377.0 1.994 3
412.0 2.178 3
354.0 2.874 3
411.0 2.621 3
411.0 3.307 3
444.0 3.259 3
461.0 3.693 3
451.0 3.958 3
442.0 3.432 3
502.0 3.369 3
443.0 3.798 3
440.0 3.412 3
406.0 3.209 3
401.0 3.259 3
348.0 3.668 3
296.0 3.265 3
301.0 3.578 3
307.0 2.783 3
349.0 2.472 3
425.0 1.894 3
413.0 1.808 3
410.0 2.565 3
448.0 3.444 3
449.0 3.244 3
436.0 3.272 3
420.0 3.651 3
473.0 3.128 3
468.0 3.904 3
467.0 3.704 3
458.0 3.817 3
461.0 3.47 3
441.0 3.458 3
421.0 4.17 3
403.0 3.86 3
336.0 3.595 3
331.0 3.604 3
349.0 3.102 3
343.0 2.888 3
407.0 3.05 3
454.0 2.147 3
417.0 1.998 3
459.0 2.898 3
441.0 3.284 3
441.0 3.561 3
495.0 3.236 3
437.0 3.896 3
477.0 3.8 3
416.0 4.087 3
468.0 3.714 3
442.0 3.722 3
474.0 3.63 3
479.0 3.717 3
435.0 3.637 3
389.0 3.209 3
288.0 3.283 3
365.0 3.782 3
428.0 3.972 3
404.0 3.371 3
419.0 3.31 3
436.0 2.643 3
436.0 2.201 3
456.0 2.81 3
475.0 3.048 3
424.0 3.157 3
471.0 3.458 3
435.0 3.788 3
453.0 3.619 3
453.0 3.491 3
491.0 3.9 3
469.0 3.444 3
457.0 3.58 3
505.0 3.675 3
382.0 3.594 3
379.0 3.588 3
391.0 3.784 3
386.0 3.569 3
410.0 3.559 3
458.0 3.836 3
457.0 3.206 3
443.0 2.89 3
427.0 2.325 3
492.0 2.944 3
491.0 3.243 3
475.0 3.661 3
466.0 3.441 3
490.0 3.315 3
525.0 3.962 3
464.0 3.436 3
455.0 3.792 3
527.0 4.049 3
449.0 3.874 3
458.0 3.739 3
390.0 3.793 3
364.0 3.615 3
403.0 3.745 3
381.0 3.731 3
475.0 3.722 3
482.0 3.33 3
468.0 3.207 3
485.0 3.262 3
426.0 3.117 3
480.0 3.041 3
469.0 3.418 3
453.0 3.486 3
454.0 3.849 3
465.0 3.438 3
490.0 3.734 3
458.0 4.266 3
439.0 4.208 3
480.0 3.75 3
472.0 3.766 3
393.0 3.809 3
453.0 3.95 3
434.0 3.721 3
424.0 4.087 3
431.0 3.623 3
452.0 3.722 3
480.0 3.308 3
457.0 3.421 3
492.0 3.469 3
471.0 2.834 3
483.0 3.166 3
489.0 3.299 3
484.0 4.025 3
481.0 3.239 3
466.0 3.674 3
492.0 3.588 3
503.0 3.837 3
447.0 3.527 3
459.0 3.489 3
450.0 4.274 3
390.0 3.534 3
428.0 3.834 3
405.0 3.643 3
445.0 3.893 3
444.0 3.594 3
409.0 3.898 3
474.0 3.079 3
479.0 3.721 3
431.0 2.845 3
460.0 2.824 3
458.0 3.337 3
481.0 3.057 3
485.0 3.7 3
464.0 3.91 3
489.0 3.697 3
484.0 4.185 3
496.0 3.862 3
485.0 3.53 3
446.0 3.851 3
412.0 4.057 3
430.0 3.622 3
458.0 3.7 3
473.0 4.163 3
481.0 3.864 3
462.0 3.742 3
473.0 3.398 3
473.0 3.435 3
459.0 3.415 3
475.0 3.117 3
517.0 2.6 3
448.0 3.154 3
545.0 2.952 3
514.0 3.412 3
490.0 3.923 3
457.0 4.047 3
509.0 3.596 3
482.0 3.928 3
424.0 3.64 3
374.0 3.611 3
408.0 3.387 3
437.0 3.663 3
441.0 3.782 3
465.0 3.993 3
460.0 3.811 3
513.0 3.634 3
464.0 3.306 3
449.0 3.713 3
485.0 3.13 3
443.0 3.191 3
457.0 2.958 3
448.0 2.682 3
450.0 3.471 3
469.0 3.251 3
497.0 3.661 3
449.0 4.273 3
455.0 3.352 3
394.0 3.879 3
431.0 3.73 3
426.0 3.801 3
450.0 3.959 3
430.0 3.683 3
441.0 4.024 3
445.0 3.622 3
446.0 3.705 3
452.0 3.99 3
497.0 3.737 3
463.0 3.82 3
467.0 3.409 3
458.0 2.901 3
522.0 2.759 3
498.0 2.657 3
458.0 3.281 3
483.0 3.31 3
442.0 2.987 3
457.0 3.373 3
419.0 4.026 3
427.0 3.7 3
425.0 3.635 3
439.0 3.688 3
411.0 4.297 3
438.0 3.607 3
468.0 3.712 3
468.0 3.377 3
506.0 3.854 3
494.0 3.659 3
468.0 3.232 3
489.0 3.583 3
478.0 3.156 3
440.0 3.026 3
487.0 2.548 3
468.0 2.854 3
459.0 2.678 3
462.0 3.182 3
421.0 3.513 3
406.0 3.755 3
374.0 3.781 3
409.0 3.741 3
433.0 3.891 3
455.0 3.888 3
445.0 3.697 3
460.0 3.445 3
443.0 3.973 3
483.0 3.842 3
438.0 3.938 3
454.0 3.508 3
482.0 3.183 3
455.0 3.343 3
482.0 3.183 3
471.0 2.948 3
435.0 2.308 3
488.0 2.478 3
481.0 2.843 3
405.0 3.332 3
373.0 3.54 3
322.0 3.564 3
409.0 3.79 3
389.0 3.504 3
471.0 3.621 3
429.0 4.084 3
468.0 3.606 3
480.0 3.092 3
420.0 3.528 3
444.0 3.506 3
475.0 3.567 3
498.0 3.056 3
481.0 3.502 3
510.0 2.942 3
411.0 2.812 3
456.0 2.307 3
438.0 2.015 3
462.0 1.963 3
389.0 2.27 3
338.0 2.788 3
327.0 2.918 3
354.0 3.346 3
396.0 3.693 3
416.0 3.126 3
435.0 3.801 3
417.0 3.598 3
458.0 3.201 3
457.0 3.46 3
443.0 3.489 3
476.0 3.492 3
447.0 3.11 3
437.0 3.134 3
468.0 2.714 3
468.0 2.533 3
432.0 2.744 3
423.0 2.409 3
362.0 1.787 3
354.0 2.271 3
333.0 1.978 3
274.0 2.376 3
336.0 3.125 3
378.0 2.722 3
408.0 3.312 3
441.0 3.518 3
431.0 3.503 3
431.0 3.511 3
422.0 3.429 3
432.0 3.462 3
455.0 3.272 3
491.0 3.459 3
481.0 2.839 3
431.0 3.232 3
415.0 2.938 3
426.0 2.929 3
372.0 2.11 3
361.0 1.913 3
340.0 2.011 3
309.0 1.499 3
278.0 2.252 3
270.0 2.054 3
310.0 2.065 3
363.0 2.818 3
388.0 3.543 3
382.0 2.909 3
388.0 3.179 3
441.0 3.703 3
437.0 3.279 3
420.0 3.129 3
414.0 3.303 3
412.0 2.718 3
425.0 2.998 3
400.0 3.226 3
401.0 2.567 3
364.0 2.337 3
320.0 2.017 3
324.0 2.03 3
290.0 1.602 3
321.0 1.307 4
326.0 1.795 4
320.0 1.711 4
317.0 1.19 4
335.0 1.343 4
310.0 1.367 4
327.0 1.466 4
342.0 1.382 4
316.0 1.531 4
328.0 1.276 4
305.0 1.472 4
323.0 1.234 4
320.0 1.499 4
347.0 1.473 4
289.0 1.507 4
298.0 1.778 4
319.0 1.421 4
303.0 1.189 4
322.0 1.512 4
296.0 1.264 4
325.0 1.278 4
300.0 1.483 4
348.0 1.601 4
312.0 1.385 4
323.0 1.296 4
329.0 1.311 4
345.0 1.31 4
317.0 1.497 4
344.0 1.644 4
347.0 1.534 4
336.0 1.702 4
317.0 1.085 4
337.0 1.489 4
335.0 1.399 4
293.0 1.43 4
341.0 1.391 4
305.0 1.538 4
292.0 1.554 4
292.0 1.381 4
303.0 1.624 4
315.0 1.428 4
329.0 1.258 4
329.0 1.409 4
333.0 1.846 4
348.0 1.53 4
333.0 1.572 4
371.0 1.54 4
381.0 1.576 4
394.0 1.477 4
375.0 1.528 4
363.0 1.534 4
366.0 1.762 4
351.0 1.751 4
334.0 2.004 4
320.0 1.926 4
320.0 1.547 4
337.0 1.34 4
331.0 1.442 4
301.0 1.609 4
330.0 1.507 4
327.0 1.341 4
336.0 1.286 4
361.0 1.606 4
345.0 1.427 4
332.0 1.535 4
389.0 1.531 4
364.0 1.613 4
387.0 1.714 4
403.0 1.625 4
385.0 1.547 4
352.0 1.998 4
331.0 1.758 4
335.0 1.774 4
331.0 2.052 4
335.0 1.933 4
322.0 2.101 4
288.0 1.798 4
336.0 2.146 4
337.0 1.448 4
329.0 1.648 4
386.0 1.423 4
355.0 1.659 4
384.0 1.482 4
374.0 1.702 4
407.0 1.415 4
360.0 1.644 4
376.0 1.617 4
398.0 1.617 4
377.0 1.683 4
396.0 2.076 4
374.0 2.0 4
358.0 1.902 4
350.0 2.379 4
345.0 2.409 4
298.0 2.428 4
339.0 2.145 4
332.0 2.072 4
354.0 2.277 4
376.0 1.919 4
374.0 2.009 4
355.0 2.229 4
395.0 2.048 4
391.0 1.978 4
421.0 1.504 4
384.0 1.648 4
418.0 1.945 4
392.0 1.432 4
375.0 1.557 4
397.0 2.283 4
350.0 2.042 4
348.0 1.854 4
378.0 2.072 4
335.0 1.989 4
352.0 2.134 4
341.0 2.454 4
321.0 2.156 4
364.0 2.129 4
390.0 2.335 4
363.0 1.866 4
394.0 2.189 4
409.0 1.768 4
371.0 2.106 4
420.0 2.083 4
421.0 1.95 4
367.0 2.02 4
408.0 1.447 4
364.0 1.598 4
385.0 1.539 4
401.0 1.639 4
361.0 1.855 4
364.0 1.799 4
391.0 2.284 4
343.0 2.059 4
311.0 2.321 4
335.0 2.132 4
354.0 2.274 4
385.0 2.27 4
371.0 2.2 4
373.0 2.334 4
395.0 1.972 4
401.0 2.356 4
404.0 2.042 4
406.0 2.064 4
363.0 1.993 4
416.0 2.084 4
398.0 1.854 4
384.0 1.41 4
343.0 1.54 4
343.0 1.827 4
391.0 2.093 4
373.0 2.226 4
366.0 2.421 4
356.0 2.256 4
325.0 2.126 4
385.0 2.389 4
372.0 2.468 4
412.0 2.4 4
371.0 2.12 4
366.0 2.231 4
353.0 2.227 4
375.0 2.202 4
396.0 2.263 4
366.0 2.104 4
409.0 1.988 4
348.0 2.158 4
385.0 2.05 4
361.0 1.906 4
382.0 1.835 4
344.0 1.557 4
373.0 1.792 4
364.0 1.965 4
327.0 2.263 4
371.0 2.29 4
373.0 2.21 4
382.0 2.556 4
372.0 2.487 4
372.0 2.163 4
409.0 2.585 4
339.0 2.638 4
324.0 2.72 4
373.0 2.349 4
371.0 2.325 4
384.0 2.496 4
410.0 2.289 4
382.0 2.194 4
386.0 2.066 4
373.0 2.51 4
382.0 2.051 4
372.0 1.649 4
355.0 1.745 4
355.0 1.873 4
364.0 2.299 4
368.0 1.979 4
341.0 2.25 4
397.0 2.401 4
377.0 2.513 4
386.0 2.15 4
382.0 2.158 4
397.0 2.413 4
368.0 2.611 4
398.0 2.392 4
373.0 2.39 4
380.0 2.19 4
390.0 2.781 4
379.0 2.536 4
379.0 2.213 4
383.0 2.276 4
366.0 2.395 4
335.0 2.407 4
348.0 2.295 4
344.0 1.601 4
357.0 2.135 4
338.0 1.963 4
405.0 2.259 4
393.0 2.17 4
376.0 2.514 4
379.0 2.231 4
386.0 2.465 4
396.0 2.439 4
386.0 2.297 4
388.0 2.717 4
354.0 2.419 4
395.0 2.042 4
372.0 2.282 4
375.0 2.464 4
363.0 2.366 4
405.0 2.1 4
357.0 2.017 4
323.0 2.313 4
342.0 2.145 4
370.0 2.105 4
370.0 1.941 4
344.0 1.728 4
375.0 2.209 4
380.0 2.407 4
410.0 2.252 4
390.0 2.345 4
359.0 2.551 4
364.0 2.506 4
371.0 2.614 4
374.0 2.34 4
365.0 2.224 4
333.0 2.518 4
361.0 2.315 4
357.0 2.447 4
370.0 2.26 4
352.0 2.551 4
351.0 2.292 4
333.0 2.177 4
344.0 2.209 4
373.0 2.163 4
391.0 2.211 4
365.0 2.432 4
388.0 2.15 4
332.0 2.214 4
362.0 2.063 4
391.0 2.604 4
352.0 2.479 4
364.0 2.656 4
377.0 2.545 4
398.0 2.375 4
366.0 2.44 4
349.0 2.758 4
385.0 2.314 4
355.0 2.302 4
317.0 2.486 4
328.0 2.368 4
352.0 2.351 4
349.0 2.569 4
351.0 2.445 4
349.0 2.203 4
377.0 2.425 4
369.0 2.013 4
340.0 1.916 4
362.0 2.008 4
364.0 2.328 4
407.0 2.171 4
376.0 2.345 4
389.0 2.101 4
342.0 2.408 4
366.0 2.492 4
364.0 2.344 4
374.0 2.098 4
358.0 2.396 4
357.0 2.534 4
291.0 2.364 4
330.0 2.533 4
300.0 2.534 4
337.0 2.343 4
331.0 2.375 4
353.0 2.327 4
386.0 2.259 4
366.0 2.246 4
367.0 1.99 4
353.0 1.777 4
355.0 2.093 4
365.0 1.788 4
363.0 2.052 4
375.0 2.323 4
363.0 2.699 4
361.0 2.056 4
323.0 2.426 4
353.0 2.117 4
319.0 2.364 4
332.0 2.633 4
331.0 2.256 4
326.0 2.441 4
338.0 2.156 4
358.0 2.539 4
350.0 2.532 4
367.0 2.499 4
381.0 2.611 4
368.0 2.177 4
410.0 2.168 4
376.0 2.029 4
355.0 2.033 4
337.0 1.871 4
388.0 2.062 4
362.0 2.352 4
361.0 2.32 4
356.0 2.424 4
326.0 2.249 4
329.0 2.503 4
275.0 2.265 4
300.0 2.342 4
327.0 2.468 4
318.0 2.474 4
330.0 2.357 4
361.0 2.368 4
361.0 2.551 4
335.0 2.585 4
362.0 2.389 4
380.0 2.528 4
366.0 2.14 4
340.0 1.831 4
392.0 2.086 4
358.0 1.654 4
339.0 1.955 4
342.0 2.534 4
359.0 2.275 4
310.0 2.165 4
295.0 2.236 4
272.0 2.389 4
283.0 2.339 4
290.0 2.222 4
324.0 2.712 4
321.0 2.185 4
334.0 2.28 4
346.0 2.732 4
355.0 2.483 4
349.0 2.352 4
366.0 2.492 4
343.0 2.233 4
336.0 2.44 4
364.0 1.882 4
342.0 2.304 4
332.0 1.713 4
319.0 1.52 4
297.0 1.603 4
311.0 1.971 4
297.0 2.461 4
278.0 2.243 4
275.0 2.408 4
284.0 2.401 4
297.0 2.502 4
283.0 2.316 4
360.0 2.315 4
320.0 2.327 4
350.0 2.447 4
336.0 2.167 4
337.0 2.206 4
315.0 2.503 4
347.0 2.634 4
340.0 2.31 4
336.0 2.183 4
297.0 2.52 4
309.0 2.034 4
303.0 1.998 4
306.0 1.793 4
265.0 1.909 4
295.0 1.923 4
269.0 1.845 4
269.0 2.054 4
268.0 2.325 4
298.0 2.599 4
324.0 2.532 4
306.0 2.356 4
293.0 2.404 4
322.0 2.385 4
329.0 2.399 4
327.0 2.092 4
303.0 2.294 4
315.0 2.172 4
341.0 2.394 4
311.0 2.229 4
306.0 1.85 4
263.0 2.148 4
281.0 1.863 4
262.0 2.004 4
249.0 1.58 5
241.0 1.577 5
273.0 1.453 5
233.0 1.876 5
280.0 1.663 5
251.0 1.128 5
243.0 1.464 5
239.0 1.146 5
260.0 1.198 5
253.0 1.2 5
257.0 1.565 5
224.0 2.001 5
287.0 1.263 5
237.0 1.566 5
231.0 1.334 5
248.0 1.265 5
250.0 1.83 5
260.0 1.553 5
250.0 1.414 5
229.0 1.479 5
236.0 1.596 5
296.0 1.617 5
254.0 1.249 5
264.0 1.299 5
282.0 1.445 5
256.0 1.573 5
220.0 1.606 5
242.0 1.354 5
230.0 1.395 5
248.0 1.62 5
224.0 1.235 5
232.0 1.559 5
248.0 1.268 5
262.0 1.411 5
256.0 1.527 5
238.0 1.099 5
214.0 1.225 5
261.0 1.482 5
267.0 1.305 5
263.0 1.322 5
201.0 1.464 5
243.0 1.835 5
226.0 1.405 5
236.0 1.736 5
256.0 1.615 5
231.0 1.509 5
238.0 1.336 5
249.0 1.625 5
247.0 1.126 5
249.0 1.428 5
272.0 1.217 5
247.0 1.843 5
251.0 1.264 5
225.0 1.379 5
250.0 1.344 5
238.0 1.004 5
249.0 1.274 5
227.0 1.106 5
237.0 1.332 5
233.0 1.044 5
260.0 1.553 5
248.0 1.453 5
231.0 1.949 5
236.0 1.456 5
243.0 1.382 5
246.0 1.523 5
246.0 1.385 5
250.0 1.558 5
247.0 1.44 5
207.0 1.271 5
244.0 1.07 5
259.0 1.063 5
247.0 1.114 5
255.0 1.62 5
233.0 1.083 5
234.0 1.342 5
242.0 1.396 5
238.0 1.506 5
265.0 1.11 5
228.0 1.579 5
245.0 1.861 5
278.0 1.408 5
251.0 1.507 5
239.0 1.35 5
239.0 1.394 5
236.0 1.547 5
205.0 1.421 5
239.0 1.169 5
229.0 1.322 5
246.0 1.363 5
249.0 1.126 5
243.0 1.635 5
250.0 1.128 5
232.0 1.223 5
220.0 1.555 5
225.0 1.257 5
218.0 1.175 5
230.0 1.142 5
241.0 1.34 5
228.0 1.112 5
242.0 0.964 5
230.0 1.262 5
247.0 1.201 5
242.0 1.262 5
236.0 1.329 5
246.0 1.353 5
223.0 1.196 5
223.0 1.543 5
251.0 1.378 5
247.0 1.252 5
232.0 1.065 5
240.0 1.1 5
248.0 1.225 5
227.0 1.237 5
271.0 1.314 5
253.0 1.014 5
248.0 1.126 5
234.0 1.11 5
257.0 1.043 5
234.0 1.295 5
262.0 1.179 5
247.0 1.168 5
244.0 1.082 5
231.0 1.065 5
249.0 1.314 5
251.0 1.375 5
243.0 1.554 5
241.0 1.369 5
256.0 1.268 5
248.0 1.154 5
269.0 1.969 1
259.0 1.362 1
247.0 1.934 1
253.0 1.47 1
247.0 1.734 1
296.0 1.617 1
251.0 1.547 1
237.0 1.472 1
248.0 1.739 1
284.0 1.567 1
262.0 1.453 1
276.0 1.709 1
261.0 1.853 1
258.0 1.676 1
266.0 1.547 1
295.0 1.541 1
287.0 1.323 1
304.0 1.433 1
307.0 1.546 1
235.0 1.733 1
304.0 1.811 1
259.0 1.645 1
297.0 1.572 1
293.0 1.809 1
274.0 2.106 1
262.0 1.556 1
289.0 1.571 1
273.0 1.976 1
273.0 1.309 1
251.0 1.912 1
259.0 1.878 1
262.0 1.4 1
239.0 1.741 1
290.0 1.317 1
306.0 1.658 1
271.0 1.588 1
279.0 1.656 1
258.0 1.781 1
240.0 1.634 1
245.0 1.325 1
268.0 1.856 1
265.0 1.423 1
277.0 1.388 1
284.0 1.483 1
255.0 1.673 1
268.0 1.701 1
276.0 1.543 1
284.0 1.616 1
252.0 1.408 1
261.0 1.442 1
274.0 1.516 1
304.0 1.706 1
303.0 1.645 1
294.0 1.716 1
288.0 1.422 1
280.0 2.138 1
286.0 1.506 1
273.0 1.741 1
286.0 1.753 1
268.0 1.406 1
282.0 1.707 1
256.0 1.441 1
234.0 1.395 1
258.0 1.595 1
262.0 1.375 1
262.0 1.436 1
264.0 1.667 1
291.0 1.482 1
279.0 1.561 1
274.0 1.59 1
306.0 1.504 1
282.0 1.53 1
269.0 1.219 1
291.0 1.354 1
297.0 1.567 1
297.0 1.382 1
265.0 1.268 1
271.0 1.405 1
263.0 1.279 1
273.0 1.458 1
280.0 1.33 1
291.0 1.578 1
286.0 1.361 1
261.0 1.62 1
258.0 1.926 1
253.0 1.356 1
292.0 1.646 1
291.0 1.65 1
313.0 1.489 1
290.0 1.513 1
260.0 1.703 1
290.0 1.307 1
272.0 1.772 1
304.0 1.304 1
295.0 1.391 1
277.0 1.362 1
281.0 1.377 1
282.0 1.619 1
286.0 1.954 1
285.0 1.644 1
322.0 1.402 1
279.0 1.408 1
274.0 1.501 1
265.0 1.65 1
265.0 1.459 1
271.0 1.492 1
296.0 1.575 1
275.0 1.473 1
292.0 1.49 1
294.0 1.497 1
273.0 1.426 1
318.0 1.25 1
290.0 1.344 1
319.0 1.513 1
284.0 1.619 1
253.0 1.418 1
260.0 1.645 1
301.0 1.501 1
287.0 1.66 1
271.0 1.48 1
254.0 1.271 1
247.0 1.346 1
311.0 1.665 1
277.0 1.561 1
288.0 1.44 1
317.0 1.32 1
281.0 1.689 1
294.0 1.588 1
293.0 1.344 1
277.0 1.49 1
303.0 1.439 1
306.0 1.416 1
310.0 1.343 1
253.0 1.449 1
246.0 1.861 1
301.0 1.507 1
238.0 1.665 1
272.0 1.491 1
277.0 1.338 1
272.0 1.414 1
249.0 1.701 1
301.0 1.441 1
316.0 1.756 1
273.0 1.469 1
286.0 1.285 1
283.0 1.692 1
292.0 1.237 1
264.0 1.426 1
309.0 1.509 1
331.0 1.466 1
273.0 1.135 1
287.0 1.244 1
281.0 1.371 1
264.0 1.381 1
281.0 1.549 1
252.0 1.522 1
262.0 1.53 1
273.0 1.451 1
267.0 1.486 1
289.0 1.399 1
279.0 1.344 1
278.0 1.44 1
263.0 1.248 1
306.0 1.717 1
284.0 1.391 1
308.0 1.487 1
334.0 1.246 1
301.0 1.443 1
278.0 1.261 1
324.0 1.526 1
323.0 1.548 1
267.0 1.542 1
290.0 1.471 1
287.0 1.508 1
302.0 1.437 1
299.0 1.252 1
266.0 1.782 1
278.0 1.629 1
308.0 1.506 1
256.0 1.769 1
292.0 1.682 1
277.0 1.693 1
297.0 1.231 1
270.0 1.253 1
295.0 1.403 1
310.0 1.532 1
292.0 1.333 1
284.0 2.082 1
257.0 1.324 1
297.0 1.605 1
314.0 1.463 1
272.0 1.418 1
291.0 1.566 1
280.0 1.139 1
313.0 1.502 1
284.0 1.808 1
273.0 1.5 1
255.0 1.401 1
283.0 1.396 1
306.0 1.356 1
307.0 1.257 1
300.0 1.57 1
301.0 1.07 1
305.0 1.436 1
292.0 1.522 1
278.0 1.355 1
335.0 1.242 1
321.0 1.602 1
323.0 1.301 1
284.0 1.508 1
259.0 1.931 1
300.0 1.415 1
297.0 1.973 1
254.0 1.58 1
301.0 1.496 1
308.0 1.404 1
290.0 1.566 1
303.0 1.595 1
344.0 1.706 1
273.0 1.299 1
308.0 1.822 1
300.0 1.468 1
304.0 1.328 1
324.0 1.325 1
333.0 1.464 1
326.0 1.582 1
289.0 1.502 1
320.0 1.512 1
298.0 1.497 1
291.0 1.579 1
267.0 1.364 1
304.0 1.264 1
308.0 1.421 1
289.0 1.465 1
299.0 1.426 1
300.0 1.26 1
292.0 1.456 1
290.0 1.439 1
298.0 1.395 1
312.0 1.695 1
311.0 1.324 1
324.0 1.421 1
347.0 1.524 1
284.0 1.399 1
297.0 1.308 1
307.0 1.309 1
319.0 1.436 1
269.0 1.103 1
294.0 1.519 1
300.0 1.361 1
286.0 1.513 1
336.0 1.782 1
291.0 1.512 1
287.0 1.319 1
311.0 1.546 1
289.0 1.437 1
309.0 1.588 1
323.0 1.34 1
310.0 1.375 1
307.0 1.262 1
290.0 1.173 1
310.0 1.665 1
328.0 1.455 1
329.0 1.465 1
331.0 1.406 1
330.0 1.444 1
274.0 1.405 1
278.0 1.325 1
264.0 1.25 1
287.0 1.441 1
284.0 1.393 1
287.0 1.497 1
278.0 1.653 1
302.0 1.431 1
299.0 1.252 1
309.0 1.653 1
309.0 1.497 1
321.0 1.726 1
301.0 1.352 1
292.0 1.238 1
282.0 1.746 1
320.0 1.617 1
298.0 1.446 1
320.0 1.135 1
316.0 1.521 1
331.0 1.514 1
301.0 1.648 1
292.0 1.511 1
294.0 1.51 1
318.0 1.468 1
303.0 1.65 1
319.0 1.507 1
304.0 1.406 1
317.0 2.227 1
305.0 1.401 1
319.0 1.361 1
305.0 1.291 1
335.0 1.524 1
333.0 1.391 1
333.0 1.259 1
312.0 1.334 1
331.0 1.346 1
329.0 1.313 1
325.0 1.21 1
314.0 1.313 1
298.0 1.407 1
296.0 1.709 1
288.0 1.624 1
294.0 1.738 1
297.0 1.395 1
272.0 1.213 1
326.0 1.264 1
346.0 1.622 1
313.0 1.582 1
329.0 1.239 1
307.0 1.67 1
311.0 1.645 1
333.0 1.169 1
313.0 1.582 1
347.0 1.548 1
322.0 1.395 1
327.0 1.364 1
350.0 1.343 1
288.0 1.779 2
287.0 1.833 2
277.0 1.786 2
299.0 2.243 2
333.0 2.762 2
330.0 3.069 2
373.0 2.682 2
393.0 3.065 2
384.0 3.428 2
415.0 3.334 2
417.0 3.595 2
423.0 3.474 2
368.0 3.088 2
330.0 2.766 2
297.0 2.953 2
326.0 3.016 2
269.0 2.649 2
263.0 2.468 2
226.0 2.098 2
303.0 1.9 2
261.0 1.825 2
298.0 2.232 2
332.0 2.212 2
366.0 2.895 2
391.0 2.908 2
454.0 3.149 2
446.0 3.401 2
439.0 3.624 2
444.0 3.713 2
464.0 4.0 2
414.0 3.959 2
448.0 3.974 2
394.0 3.772 2
376.0 3.896 2
336.0 3.381 2
276.0 3.234 2
285.0 2.836 2
259.0 2.346 2
303.0 2.447 2
322.0 2.147 2
358.0 1.893 2
389.0 2.32 2
452.0 2.84 2
430.0 3.257 2
455.0 3.379 2
510.0 3.701 2
501.0 3.762 2
451.0 3.602 2
455.0 3.884 2
439.0 3.817 2
418.0 4.072 2
421.0 4.069 2
369.0 4.082 2
408.0 3.904 2
386.0 4.097 2
310.0 3.891 2
282.0 3.299 2
323.0 2.715 2
330.0 2.59 2
396.0 2.483 2
453.0 1.935 2
463.0 2.353 2
435.0 3.332 2
499.0 3.866 2
473.0 3.571 2
459.0 3.668 2
477.0 4.138 2
445.0 3.988 2
446.0 3.615 2
442.0 4.387 2
466.0 4.208 2
450.0 4.122 2
397.0 4.527 2
433.0 4.58 2
372.0 3.973 2
344.0 4.013 2
332.0 3.5 2
396.0 3.945 2
478.0 2.437 2
465.0 2.559 2
479.0 2.346 2
489.0 2.856 2
488.0 3.537 2
477.0 4.218 2
486.0 4.168 2
473.0 4.466 2
482.0 4.375 2
445.0 4.985 2
475.0 4.566 2
492.0 4.388 2
438.0 4.337 2
467.0 4.653 2
453.0 4.073 2
410.0 4.418 2
398.0 4.159 2
350.0 4.052 2
473.0 3.914 2
437.0 3.379 2
479.0 3.264 2
471.0 2.916 2
512.0 3.14 2
488.0 2.908 2
455.0 3.58 2
488.0 3.603 2
493.0 3.898 2
486.0 3.95 2
447.0 4.066 2
503.0 4.283 2
479.0 4.504 2
433.0 4.624 2
458.0 4.4 2
440.0 4.811 2
446.0 4.783 2
345.0 4.44 2
400.0 4.374 2
498.0 4.701 2
510.0 4.128 2
489.0 3.86 2
532.0 3.929 2
499.0 2.803 2
493.0 3.111 2
472.0 3.818 2
417.0 3.862 2
489.0 4.39 2
545.0 4.528 2
486.0 4.521 2
468.0 4.391 2
485.0 4.579 2
412.0 4.115 2
431.0 4.265 2
496.0 4.487 2
440.0 4.583 2
419.0 4.365 2
447.0 4.68 2
463.0 4.451 2
504.0 4.1 2
537.0 4.144 2
488.0 4.298 2
521.0 3.59 2
504.0 3.045 2
445.0 3.142 2
510.0 4.062 2
464.0 3.669 2
480.0 4.439 2
489.0 3.945 2
482.0 4.474 2
483.0 4.258 2
460.0 4.429 2
458.0 4.483 2
499.0 4.623 2
477.0 4.406 2
444.0 4.75 2
441.0 4.658 2
462.0 4.166 2
513.0 4.426 2
514.0 4.402 2
532.0 4.283 2
480.0 4.12 2
461.0 4.071 2
474.0 3.408 2
485.0 3.69 2
504.0 3.718 2
440.0 3.956 2
471.0 4.075 2
451.0 4.246 2
499.0 4.206 2
469.0 4.097 2
478.0 4.379 2
465.0 4.682 2
462.0 4.397 2
407.0 4.271 2
430.0 4.655 2
475.0 4.436 2
504.0 4.403 2
505.0 4.329 2
509.0 4.521 2
497.0 4.085 2
466.0 4.155 2
460.0 3.994 2
453.0 3.434 2
476.0 2.884 2
474.0 3.837 2
455.0 3.59 2
475.0 4.049 2
468.0 4.311 2
445.0 4.545 2
463.0 4.41 2
473.0 4.483 2
451.0 4.694 2
431.0 4.637 2
450.0 4.799 2
521.0 4.558 2
497.0 4.4 2
494.0 4.673 2
497.0 4.83 2
446.0 4.265 2
498.0 4.352 2
496.0 4.295 2
493.0 3.748 2
467.0 3.585 2
475.0 3.245 2
478.0 4.031 2
450.0 3.758 2
522.0 4.593 2
455.0 4.097 2
506.0 4.186 2
445.0 4.207 2
427.0 4.558 2
444.0 4.239 2
441.0 4.188 2
511.0 4.306 2
517.0 4.457 2
491.0 4.491 2
496.0 4.64 2
515.0 4.294 2
456.0 4.459 2
509.0 4.044 2
491.0 3.929 2
465.0 3.454 2
522.0 3.776 2
527.0 3.751 2
464.0 3.397 2
518.0 3.755 2
482.0 4.196 2
470.0 4.0 2
463.0 4.613 2
475.0 3.983 2
455.0 4.247 2
436.0 4.716 2
465.0 4.608 2
468.0 4.89 2
523.0 4.277 2
481.0 4.762 2
508.0 4.164 2
503.0 4.364 2
456.0 4.265 2
452.0 3.855 2
524.0 4.555 2
453.0 3.778 2
453.0 3.43 2
493.0 2.881 2
481.0 3.879 2
524.0 3.805 2
466.0 4.118 2
456.0 3.998 2
436.0 4.128 2
398.0 4.808 2
397.0 4.397 2
456.0 4.356 2
531.0 4.506 2
506.0 4.51 2
501.0 4.424 2
473.0 4.7 2
473.0 4.843 2
473.0 4.284 2
477.0 4.36 2
455.0 4.816 2
501.0 4.232 2
467.0 3.507 2
491.0 3.227 2
472.0 2.962 2
458.0 3.2 2
455.0 4.146 2
460.0 3.732 2
467.0 4.02 2
439.0 4.46 2
347.0 4.338 2
417.0 4.544 2
486.0 4.311 2
484.0 4.4 2
533.0 4.086 2
471.0 5.182 2
477.0 4.339 2
495.0 4.86 2
455.0 4.582 2
471.0 4.235 2
486.0 4.163 2
493.0 3.995 2
468.0 3.355 2
491.0 3.138 2
487.0 2.681 2
500.0 3.501 2
460.0 3.868 2
450.0 3.881 2
438.0 4.36 2
292.0 4.667 2
372.0 4.575 2
449.0 3.969 2
470.0 4.694 2
477.0 4.542 2
534.0 4.3 2
482.0 4.828 2
464.0 4.526 2
535.0 4.403 2
506.0 4.206 2
461.0 3.876 2
466.0 4.448 2
452.0 4.026 2
489.0 3.293 2
446.0 2.885 2
468.0 2.27 2
442.0 3.04 2
425.0 3.284 2
338.0 3.844 2
310.0 4.214 2
350.0 4.667 2
406.0 4.03 2
470.0 4.261 2
503.0 4.368 2
467.0 4.029 2
452.0 4.199 2
492.0 4.109 2
458.0 4.656 2
516.0 4.155 2
488.0 4.757 2
500.0 4.263 2
475.0 3.915 2
459.0 3.215 2
458.0 3.066 2
444.0 3.035 2
438.0 1.807 2
370.0 2.351 2
334.0 2.985 2
294.0 3.254 2
299.0 3.789 2
328.0 3.934 2
418.0 4.316 2
470.0 3.918 2
463.0 4.061 2
461.0 4.567 2
465.0 4.438 2
486.0 4.436 2
425.0 4.154 2
420.0 4.255 2
465.0 4.237 2
455.0 3.823 2
453.0 3.882 2
431.0 3.38 2
416.0 2.762 2
369.0 2.388 2
329.0 2.014 2
314.0 1.873 2
280.0 2.799 2
316.0 3.28 2
330.0 3.47 2
312.0 3.782 2
381.0 4.115 2
440.0 3.853 2
437.0 3.705 2
449.0 4.302 2
406.0 3.992 2
458.0 4.259 2
465.0 4.133 2
432.0 4.404 2
452.0 3.736 2
445.0 3.745 2
393.0 3.003 2
335.0 3.154 2
299.0 2.359 2
277.0 2.326 2
284.0 1.966 2
260.0 2.139 3
250.0 2.24 3
278.0 2.18 3
283.0 2.224 3
282.0 2.229 3
288.0 2.387 3
288.0 2.907 3
344.0 2.823 3
311.0 2.483 3
343.0 3.299 3
351.0 2.884 3
288.0 2.772 3
325.0 2.726 3
308.0 2.567 3
307.0 2.238 3
312.0 2.288 3
319.0 1.88 3
281.0 1.789 3
310.0 1.602 3
280.0 1.943 3
291.0 1.935 3
295.0 2.198 3
308.0 2.006 3
336.0 2.4 3
346.0 2.757 3
398.0 2.851 3
399.0 2.715 3
405.0 3.221 3
396.0 3.303 3
385.0 3.455 3
411.0 3.58 3
353.0 2.803 3
340.0 3.282 3
298.0 2.911 3
325.0 2.662 3
312.0 2.591 3
334.0 2.129 3
282.0 2.251 3
261.0 1.937 3
311.0 1.704 3
301.0 1.961 3
316.0 1.95 3
369.0 2.512 3
432.0 2.488 3
385.0 2.942 3
390.0 2.929 3
408.0 3.313 3
454.0 3.517 3
401.0 3.489 3
459.0 3.592 3
428.0 3.427 3
387.0 3.5 3
350.0 3.271 3
335.0 3.302 3
292.0 3.063 3
303.0 2.857 3
313.0 2.871 3
265.0 2.083 3
329.0 1.69 3
377.0 1.994 3
412.0 2.178 3
354.0 2.874 3
411.0 2.621 3
411.0 3.307 3
444.0 3.259 3
461.0 3.693 3
451.0 3.958 3
442.0 3.432 3
502.0 3.369 3
443.0 3.798 3
440.0 3.412 3
406.0 3.209 3
401.0 3.259 3
348.0 3.668 3
296.0 3.265 3
301.0 3.578 3
307.0 2.783 3
349.0 2.472 3
425.0 1.894 3
413.0 1.808 3
410.0 2.565 3
448.0 3.444 3
449.0 3.244 3
436.0 3.272 3
420.0 3.651 3
473.0 3.128 3
468.0 3.904 3
467.0 3.704 3
458.0 3.817 3
461.0 3.47 3
441.0 3.458 3
421.0 4.17 3
403.0 3.86 3
336.0 3.595 3
331.0 3.604 3
349.0 3.102 3
343.0 2.888 3
407.0 3.05 3
454.0 2.147 3
417.0 1.998 3
459.0 2.898 3
441.0 3.284 3
441.0 3.561 3
495.0 3.236 3
437.0 3.896 3
477.0 3.8 3
416.0 4.087 3
468.0 3.714 3
442.0 3.722 3
474.0 3.63 3
479.0 3.717 3
435.0 3.637 3
389.0 3.209 3
288.0 3.283 3
365.0 3.782 3
428.0 3.972 3
404.0 3.371 3
419.0 3.31 3
436.0 2.643 3
436.0 2.201 3
456.0 2.81 3
475.0 3.048 3
424.0 3.157 3
471.0 3.458 3
435.0 3.788 3
453.0 3.619 3
453.0 3.491 3
491.0 3.9 3
469.0 3.444 3
457.0 3.58 3
505.0 3.675 3
382.0 3.594 3
379.0 3.588 3
391.0 3.784 3
386.0 3.569 3
410.0 3.559 3
458.0 3.836 3
457.0 3.206 3
443.0 2.89 3
427.0 2.325 3
492.0 2.944 3
491.0 3.243 3
475.0 3.661 3
466.0 3.441 3
490.0 3.315 3
525.0 3.962 3
464.0 3.436 3
455.0 3.792 3
527.0 4.049 3
449.0 3.874 3
458.0 3.739 3
390.0 3.793 3
364.0 3.615 3
403.0 3.745 3
381.0 3.731 3
475.0 3.722 3
482.0 3.33 3
468.0 3.207 3
485.0 3.262 3
426.0 3.117 3
480.0 3.041 3
469.0 3.418 3
453.0 3.486 3
454.0 3.849 3
465.0 3.438 3
490.0 3.734 3
458.0 4.266 3
439.0 4.208 3
480.0 3.75 3
472.0 3.766 3
393.0 3.809 3
453.0 3.95 3
434.0 3.721 3
424.0 4.087 3
431.0 3.623 3
452.0 3.722 3
480.0 3.308 3
457.0 3.421 3
492.0 3.469 3
471.0 2.834 3
483.0 3.166 3
489.0 3.299 3
484.0 4.025 3
481.0 3.239 3
466.0 3.674 3
492.0 3.588 3
503.0 3.837 3
447.0 3.527 3
459.0 3.489 3
450.0 4.274 3
390.0 3.534 3
428.0 3.834 3
405.0 3.643 3
445.0 3.893 3
444.0 3.594 3
409.0 3.898 3
474.0 3.079 3
479.0 3.721 3
431.0 2.845 3
460.0 2.824 3
458.0 3.337 3
481.0 3.057 3
485.0 3.7 3
464.0 3.91 3
489.0 3.697 3
484.0 4.185 3
496.0 3.862 3
485.0 3.53 3
446.0 3.851 3
412.0 4.057 3
430.0 3.622 3
458.0 3.7 3
473.0 4.163 3
481.0 3.864 3
462.0 3.742 3
473.0 3.398 3
473.0 3.435 3
459.0 3.415 3
475.0 3.117 3
517.0 2.6 3
448.0 3.154 3
545.0 2.952 3
514.0 3.412 3
490.0 3.923 3
457.0 4.047 3
509.0 3.596 3
482.0 3.928 3
424.0 3.64 3
374.0 3.611 3
408.0 3.387 3
437.0 3.663 3
441.0 3.782 3
465.0 3.993 3
460.0 3.811 3
513.0 3.634 3
464.0 3.306 3
449.0 3.713 3
485.0 3.13 3
443.0 3.191 3
457.0 2.958 3
448.0 2.682 3
450.0 3.471 3
469.0 3.251 3
497.0 3.661 3
449.0 4.273 3
455.0 3.352 3
394.0 3.879 3
431.0 3.73 3
426.0 3.801 3
450.0 3.959 3
430.0 3.683 3
441.0 4.024 3
445.0 3.622 3
446.0 3.705 3
452.0 3.99 3
497.0 3.737 3
463.0 3.82 3
467.0 3.409 3
458.0 2.901 3
522.0 2.759 3
498.0 2.657 3
458.0 3.281 3
483.0 3.31 3
442.0 2.987 3
457.0 3.373 3
419.0 4.026 3
427.0 3.7 3
425.0 3.635 3
439.0 3.688 3
411.0 4.297 3
438.0 3.607 3
468.0 3.712 3
468.0 3.377 3
506.0 3.854 3
494.0 3.659 3
468.0 3.232 3
489.0 3.583 3
478.0 3.156 3
440.0 3.026 3
487.0 2.548 3
468.0 2.854 3
459.0 2.678 3
462.0 3.182 3
421.0 3.513 3
406.0 3.755 3
374.0 3.781 3
409.0 3.741 3
433.0 3.891 3
455.0 3.888 3
445.0 3.697 3
460.0 3.445 3
443.0 3.973 3
483.0 3.842 3
438.0 3.938 3
454.0 3.508 3
482.0 3.183 3
455.0 3.343 3
482.0 3.183 3
471.0 2.948 3
435.0 2.308 3
488.0 2.478 3
481.0 2.843 3
405.0 3.332 3
373.0 3.54 3
322.0 3.564 3
409.0 3.79 3
389.0 3.504 3
471.0 3.621 3
429.0 4.084 3
468.0 3.606 3
480.0 3.092 3
420.0 3.528 3
444.0 3.506 3
475.0 3.567 3
498.0 3.056 3
481.0 3.502 3
510.0 2.942 3
411.0 2.812 3
456.0 2.307 3
438.0 2.015 3
462.0 1.963 3
389.0 2.27 3
338.0 2.788 3
327.0 2.918 3
354.0 3.346 3
396.0 3.693 3
416.0 3.126 3
435.0 3.801 3
417.0 3.598 3
458.0 3.201 3
457.0 3.46 3
443.0 3.489 3
476.0 3.492 3
447.0 3.11 3
437.0 3.134 3
468.0 2.714 3
468.0 2.533 3
432.0 2.744 3
423.0 2.409 3
362.0 1.787 3
354.0 2.271 3
333.0 1.978 3
274.0 2.376 3
336.0 3.125 3
378.0 2.722 3
408.0 3.312 3
441.0 3.518 3
431.0 3.503 3
431.0 3.511 3
422.0 3.429 3
432.0 3.462 3
455.0 3.272 3
491.0 3.459 3
481.0 2.839 3
431.0 3.232 3
415.0 2.938 3
426.0 2.929 3
372.0 2.11 3
361.0 1.913 3
340.0 2.011 3
309.0 1.499 3
278.0 2.252 3
270.0 2.054 3
310.0 2.065 3
363.0 2.818 3
388.0 3.543 3
382.0 2.909 3
388.0 3.179 3
441.0 3.703 3
437.0 3.279 3
420.0 3.129 3
414.0 3.303 3
412.0 2.718 3
425.0 2.998 3
400.0 3.226 3
401.0 2.567 3
364.0 2.337 3
320.0 2.017 3
324.0 2.03 3
290.0 1.602 3
321.0 1.307 4
326.0 1.795 4
320.0 1.711 4
317.0 1.19 4
335.0 1.343 4
310.0 1.367 4
327.0 1.466 4
342.0 1.382 4
316.0 1.531 4
328.0 1.276 4
305.0 1.472 4
323.0 1.234 4
320.0 1.499 4
347.0 1.473 4
289.0 1.507 4
298.0 1.778 4
319.0 1.421 4
303.0 1.189 4
322.0 1.512 4
296.0 1.264 4
325.0 1.278 4
300.0 1.483 4
348.0 1.601 4
312.0 1.385 4
323.0 1.296 4
329.0 1.311 4
345.0 1.31 4
317.0 1.497 4
344.0 1.644 4
347.0 1.534 4
336.0 1.702 4
317.0 1.085 4
337.0 1.489 4
335.0 1.399 4
293.0 1.43 4
341.0 1.391 4
305.0 1.538 4
292.0 1.554 4
292.0 1.381 4
303.0 1.624 4
315.0 1.428 4
329.0 1.258 4
329.0 1.409 4
333.0 1.846 4
348.0 1.53 4
333.0 1.572 4
371.0 1.54 4
381.0 1.576 4
394.0 1.477 4
375.0 1.528 4
363.0 1.534 4
366.0 1.762 4
351.0 1.751 4
334.0 2.004 4
320.0 1.926 4
320.0 1.547 4
337.0 1.34 4
331.0 1.442 4
301.0 1.609 4
330.0 1.507 4
327.0 1.341 4
336.0 1.286 4
361.0 1.606 4
345.0 1.427 4
332.0 1.535 4
389.0 1.531 4
364.0 1.613 4
387.0 1.714 4
403.0 1.625 4
385.0 1.547 4
352.0 1.998 4
331.0 1.758 4
335.0 1.774 4
331.0 2.052 4
335.0 1.933 4
322.0 2.101 4
288.0 1.798 4
336.0 2.146 4
337.0 1.448 4
329.0 1.648 4
386.0 1.423 4
355.0 1.659 4
384.0 1.482 4
374.0 1.702 4
407.0 1.415 4
360.0 1.644 4
376.0 1.617 4
398.0 1.617 4
377.0 1.683 4
396.0 2.076 4
374.0 2.0 4
358.0 1.902 4
350.0 2.379 4
345.0 2.409 4
298.0 2.428 4
339.0 2.145 4
332.0 2.072 4
354.0 2.277 4
376.0 1.919 4
374.0 2.009 4
355.0 2.229 4
395.0 2.048 4
391.0 1.978 4
421.0 1.504 4
384.0 1.648 4
418.0 1.945 4
392.0 1.432 4
375.0 1.557 4
397.0 2.283 4
350.0 2.042 4
348.0 1.854 4
378.0 2.072 4
335.0 1.989 4
352.0 2.134 4
341.0 2.454 4
321.0 2.156 4
364.0 2.129 4
390.0 2.335 4
363.0 1.866 4
394.0 2.189 4
409.0 1.768 4
371.0 2.106 4
420.0 2.083 4
421.0 1.95 4
367.0 2.02 4
408.0 1.447 4
364.0 1.598 4
385.0 1.539 4
401.0 1.639 4
361.0 1.855 4
364.0 1.799 4
391.0 2.284 4
343.0 2.059 4
311.0 2.321 4
335.0 2.132 4
354.0 2.274 4
385.0 2.27 4
371.0 2.2 4
373.0 2.334 4
395.0 1.972 4
401.0 2.356 4
404.0 2.042 4
406.0 2.064 4
363.0 1.993 4
416.0 2.084 4
398.0 1.854 4
384.0 1.41 4
343.0 1.54 4
343.0 1.827 4
391.0 2.093 4
373.0 2.226 4
366.0 2.421 4
356.0 2.256 4
325.0 2.126 4
385.0 2.389 4
372.0 2.468 4
412.0 2.4 4
371.0 2.12 4
366.0 2.231 4
353.0 2.227 4
375.0 2.202 4
396.0 2.263 4
366.0 2.104 4
409.0 1.988 4
348.0 2.158 4
385.0 2.05 4
361.0 1.906 4
382.0 1.835 4
344.0 1.557 4
373.0 1.792 4
364.0 1.965 4
327.0 2.263 4
371.0 2.29 4
373.0 2.21 4
382.0 2.556 4
372.0 2.487 4
372.0 2.163 4
409.0 2.585 4
339.0 2.638 4
324.0 2.72 4
373.0 2.349 4
371.0 2.325 4
384.0 2.496 4
410.0 2.289 4
382.0 2.194 4
386.0 2.066 4
373.0 2.51 4
382.0 2.051 4
372.0 1.649 4
355.0 1.745 4
355.0 1.873 4
364.0 2.299 4
368.0 1.979 4
341.0 2.25 4
397.0 2.401 4
377.0 2.513 4
386.0 2.15 4
382.0 2.158 4
397.0 2.413 4
368.0 2.611 4
398.0 2.392 4
373.0 2.39 4
380.0 2.19 4
390.0 2.781 4
379.0 2.536 4
379.0 2.213 4
383.0 2.276 4
366.0 2.395 4
335.0 2.407 4
348.0 2.295 4
344.0 1.601 4
357.0 2.135 4
338.0 1.963 4
405.0 2.259 4
393.0 2.17 4
376.0 2.514 4
379.0 2.231 4
386.0 2.465 4
396.0 2.439 4
386.0 2.297 4
388.0 2.717 4
354.0 2.419 4
395.0 2.042 4
372.0 2.282 4
375.0 2.464 4
363.0 2.366 4
405.0 2.1 4
357.0 2.017 4
323.0 2.313 4
342.0 2.145 4
370.0 2.105 4
370.0 1.941 4
344.0 1.728 4
375.0 2.209 4
380.0 2.407 4
410.0 2.252 4
390.0 2.345 4
359.0 2.551 4
364.0 2.506 4
371.0 2.614 4
374.0 2.34 4
365.0 2.224 4
333.0 2.518 4
361.0 2.315 4
357.0 2.447 4
370.0 2.26 4
352.0 2.551 4
351.0 2.292 4
333.0 2.177 4
344.0 2.209 4
373.0 2.163 4
391.0 2.211 4
365.0 2.432 4
388.0 2.15 4
332.0 2.214 4
362.0 2.063 4
391.0 2.604 4
352.0 2.479 4
364.0 2.656 4
377.0 2.545 4
398.0 2.375 4
366.0 2.44 4
349.0 2.758 4
385.0 2.314 4
355.0 2.302 4
317.0 2.486 4
328.0 2.368 4
352.0 2.351 4
349.0 2.569 4
351.0 2.445 4
349.0 2.203 4
377.0 2.425 4
369.0 2.013 4
340.0 1.916 4
362.0 2.008 4
364.0 2.328 4
407.0 2.171 4
376.0 2.345 4
389.0 2.101 4
342.0 2.408 4
366.0 2.492 4
364.0 2.344 4
374.0 2.098 4
358.0 2.396 4
357.0 2.534 4
291.0 2.364 4
330.0 2.533 4
300.0 2.534 4
337.0 2.343 4
331.0 2.375 4
353.0 2.327 4
386.0 2.259 4
366.0 2.246 4
367.0 1.99 4
353.0 1.777 4
355.0 2.093 4
365.0 1.788 4
363.0 2.052 4
375.0 2.323 4
363.0 2.699 4
361.0 2.056 4
323.0 2.426 4
353.0 2.117 4
319.0 2.364 4
332.0 2.633 4
331.0 2.256 4
326.0 2.441 4
338.0 2.156 4
358.0 2.539 4
350.0 2.532 4
367.0 2.499 4
381.0 2.611 4
368.0 2.177 4
410.0 2.168 4
376.0 2.029 4
355.0 2.033 4
337.0 1.871 4
388.0 2.062 4
362.0 2.352 4
361.0 2.32 4
356.0 2.424 4
326.0 2.249 4
329.0 2.503 4
275.0 2.265 4
300.0 2.342 4
327.0 2.468 4
318.0 2.474 4
330.0 2.357 4
361.0 2.368 4
361.0 2.551 4
335.0 2.585 4
362.0 2.389 4
380.0 2.528 4
366.0 2.14 4
340.0 1.831 4
392.0 2.086 4
358.0 1.654 4
339.0 1.955 4
342.0 2.534 4
359.0 2.275 4
310.0 2.165 4
295.0 2.236 4
272.0 2.389 4
283.0 2.339 4
290.0 2.222 4
324.0 2.712 4
321.0 2.185 4
334.0 2.28 4
346.0 2.732 4
355.0 2.483 4
349.0 2.352 4
366.0 2.492 4
343.0 2.233 4
336.0 2.44 4
364.0 1.882 4
342.0 2.304 4
332.0 1.713 4
319.0 1.52 4
297.0 1.603 4
311.0 1.971 4
297.0 2.461 4
278.0 2.243 4
275.0 2.408 4
284.0 2.401 4
297.0 2.502 4
283.0 2.316 4
360.0 2.315 4
320.0 2.327 4
350.0 2.447 4
336.0 2.167 4
337.0 2.206 4
315.0 2.503 4
347.0 2.634 4
340.0 2.31 4
336.0 2.183 4
297.0 2.52 4
309.0 2.034 4
303.0 1.998 4
306.0 1.793 4
265.0 1.909 4
295.0 1.923 4
269.0 1.845 4
269.0 2.054 4
268.0 2.325 4
298.0 2.599 4
324.0 2.532 4
306.0 2.356 4
293.0 2.404 4
322.0 2.385 4
329.0 2.399 4
327.0 2.092 4
303.0 2.294 4
315.0 2.172 4
341.0 2.394 4
311.0 2.229 4
306.0 1.85 4
263.0 2.148 4
281.0 1.863 4
262.0 2.004 4
249.0 1.58 5
241.0 1.577 5
273.0 1.453 5
233.0 1.876 5
280.0 1.663 5
251.0 1.128 5
243.0 1.464 5
239.0 1.146 5
260.0 1.198 5
253.0 1.2 5
257.0 1.565 5
224.0 2.001 5
287.0 1.263 5
237.0 1.566 5
231.0 1.334 5
248.0 1.265 5
250.0 1.83 5
260.0 1.553 5
250.0 1.414 5
229.0 1.479 5
236.0 1.596 5
296.0 1.617 5
254.0 1.249 5
264.0 1.299 5
282.0 1.445 5
256.0 1.573 5
220.0 1.606 5
242.0 1.354 5
230.0 1.395 5
248.0 1.62 5
224.0 1.235 5
232.0 1.559 5
248.0 1.268 5
262.0 1.411 5
256.0 1.527 5
238.0 1.099 5
214.0 1.225 5
261.0 1.482 5
267.0 1.305 5
263.0 1.322 5
201.0 1.464 5
243.0 1.835 5
226.0 1.405 5
236.0 1.736 5
256.0 1.615 5
231.0 1.509 5
238.0 1.336 5
249.0 1.625 5
247.0 1.126 5
249.0 1.428 5
272.0 1.217 5
247.0 1.843 5
251.0 1.264 5
225.0 1.379 5
250.0 1.344 5
238.0 1.004 5
249.0 1.274 5
227.0 1.106 5
237.0 1.332 5
233.0 1.044 5
260.0 1.553 5
248.0 1.453 5
231.0 1.949 5
236.0 1.456 5
243.0 1.382 5
246.0 1.523 5
246.0 1.385 5
250.0 1.558 5
247.0 1.44 5
207.0 1.271 5
244.0 1.07 5
259.0 1.063 5
247.0 1.114 5
255.0 1.62 5
233.0 1.083 5
234.0 1.342 5
242.0 1.396 5
238.0 1.506 5
265.0 1.11 5
228.0 1.579 5
245.0 1.861 5
278.0 1.408 5
251.0 1.507 5
239.0 1.35 5
239.0 1.394 5
236.0 1.547 5
205.0 1.421 5
239.0 1.169 5
229.0 1.322 5
246.0 1.363 5
249.0 1.126 5
243.0 1.635 5
250.0 1.128 5
232.0 1.223 5
220.0 1.555 5
225.0 1.257 5
218.0 1.175 5
230.0 1.142 5
241.0 1.34 5
228.0 1.112 5
242.0 0.964 5
230.0 1.262 5
247.0 1.201 5
242.0 1.262 5
236.0 1.329 5
246.0 1.353 5
223.0 1.196 5
223.0 1.543 5
251.0 1.378 5
247.0 1.252 5
232.0 1.065 5
240.0 1.1 5
248.0 1.225 5
227.0 1.237 5
271.0 1.314 5
253.0 1.014 5
248.0 1.126 5
234.0 1.11 5
257.0 1.043 5
234.0 1.295 5
262.0 1.179 5
247.0 1.168 5
244.0 1.082 5
231.0 1.065 5
249.0 1.314 5
251.0 1.375 5
243.0 1.554 5
241.0 1.369 5
256.0 1.268 5
248.0 1.154 5
269.0 1.969 1
259.0 1.362 1
247.0 1.934 1
253.0 1.47 1
247.0 1.734 1
296.0 1.617 1
251.0 1.547 1
237.0 1.472 1
248.0 1.739 1
284.0 1.567 1
262.0 1.453 1
276.0 1.709 1
261.0 1.853 1
258.0 1.676 1
266.0 1.547 1
295.0 1.541 1
287.0 1.323 1
304.0 1.433 1
307.0 1.546 1
235.0 1.733 1
304.0 1.811 1
259.0 1.645 1
297.0 1.572 1
293.0 1.809 1
274.0 2.106 1
262.0 1.556 1
289.0 1.571 1
273.0 1.976 1
273.0 1.309 1
251.0 1.912 1
259.0 1.878 1
262.0 1.4 1
239.0 1.741 1
290.0 1.317 1
306.0 1.658 1
271.0 1.588 1
279.0 1.656 1
258.0 1.781 1
240.0 1.634 1
245.0 1.325 1
268.0 1.856 1
265.0 1.423 1
277.0 1.388 1
284.0 1.483 1
255.0 1.673 1
268.0 1.701 1
276.0 1.543 1
284.0 1.616 1
252.0 1.408 1
261.0 1.442 1
274.0 1.516 1
304.0 1.706 1
303.0 1.645 1
294.0 1.716 1
288.0 1.422 1
280.0 2.138 1
286.0 1.506 1
273.0 1.741 1
286.0 1.753 1
268.0 1.406 1
282.0 1.707 1
256.0 1.441 1
234.0 1.395 1
258.0 1.595 1
262.0 1.375 1
262.0 1.436 1
264.0 1.667 1
291.0 1.482 1
279.0 1.561 1
274.0 1.59 1
306.0 1.504 1
282.0 1.53 1
269.0 1.219 1
291.0 1.354 1
297.0 1.567 1
297.0 1.382 1
265.0 1.268 1
271.0 1.405 1
263.0 1.279 1
273.0 1.458 1
280.0 1.33 1
291.0 1.578 1
286.0 1.361 1
261.0 1.62 1
258.0 1.926 1
253.0 1.356 1
292.0 1.646 1
291.0 1.65 1
313.0 1.489 1
290.0 1.513 1
260.0 1.703 1
290.0 1.307 1
272.0 1.772 1
304.0 1.304 1
295.0 1.391 1
277.0 1.362 1
281.0 1.377 1
282.0 1.619 1
286.0 1.954 1
285.0 1.644 1
322.0 1.402 1
279.0 1.408 1
274.0 1.501 1
265.0 1.65 1
265.0 1.459 1
271.0 1.492 1
296.0 1.575 1
275.0 1.473 1
292.0 1.49 1
294.0 1.497 1
273.0 1.426 1
318.0 1.25 1
290.0 1.344 1
319.0 1.513 1
284.0 1.619 1
253.0 1.418 1
260.0 1.645 1
301.0 1.501 1
287.0 1.66 1
271.0 1.48 1
254.0 1.271 1
247.0 1.346 1
311.0 1.665 1
277.0 1.561 1
288.0 1.44 1
317.0 1.32 1
281.0 1.689 1
294.0 1.588 1
293.0 1.344 1
277.0 1.49 1
303.0 1.439 1
306.0 1.416 1
310.0 1.343 1
253.0 1.449 1
246.0 1.861 1
301.0 1.507 1
238.0 1.665 1
272.0 1.491 1
277.0 1.338 1
272.0 1.414 1
249.0 1.701 1
301.0 1.441 1
316.0 1.756 1
273.0 1.469 1
286.0 1.285 1
283.0 1.692 1
292.0 1.237 1
264.0 1.426 1
309.0 1.509 1
331.0 1.466 1
273.0 1.135 1
287.0 1.244 1
281.0 1.371 1
264.0 1.381 1
281.0 1.549 1
252.0 1.522 1
262.0 1.53 1
273.0 1.451 1
267.0 1.486 1
289.0 1.399 1
279.0 1.344 1
278.0 1.44 1
263.0 1.248 1
306.0 1.717 1
284.0 1.391 1
308.0 1.487 1
334.0 1.246 1
301.0 1.443 1
278.0 1.261 1
324.0 1.526 1
323.0 1.548 1
267.0 1.542 1
290.0 1.471 1
287.0 1.508 1
302.0 1.437 1
299.0 1.252 1
266.0 1.782 1
278.0 1.629 1
308.0 1.506 1
256.0 1.769 1
292.0 1.682 1
277.0 1.693 1
297.0 1.231 1
270.0 1.253 1
295.0 1.403 1
310.0 1.532 1
292.0 1.333 1
284.0 2.082 1
257.0 1.324 1
297.0 1.605 1
314.0 1.463 1
272.0 1.418 1
291.0 1.566 1
280.0 1.139 1
313.0 1.502 1
284.0 1.808 1
273.0 1.5 1
255.0 1.401 1
283.0 1.396 1
306.0 1.356 1
307.0 1.257 1
300.0 1.57 1
301.0 1.07 1
305.0 1.436 1
292.0 1.522 1
278.0 1.355 1
335.0 1.242 1
321.0 1.602 1
323.0 1.301 1
284.0 1.508 1
259.0 1.931 1
300.0 1.415 1
297.0 1.973 1
254.0 1.58 1
301.0 1.496 1
308.0 1.404 1
290.0 1.566 1
303.0 1.595 1
344.0 1.706 1
273.0 1.299 1
308.0 1.822 1
300.0 1.468 1
304.0 1.328 1
324.0 1.325 1
333.0 1.464 1
326.0 1.582 1
289.0 1.502 1
320.0 1.512 1
298.0 1.497 1
291.0 1.579 1
267.0 1.364 1
304.0 1.264 1
308.0 1.421 1
289.0 1.465 1
299.0 1.426 1
300.0 1.26 1
292.0 1.456 1
290.0 1.439 1
298.0 1.395 1
312.0 1.695 1
311.0 1.324 1
324.0 1.421 1
347.0 1.524 1
284.0 1.399 1
297.0 1.308 1
307.0 1.309 1
319.0 1.436 1
269.0 1.103 1
294.0 1.519 1
300.0 1.361 1
286.0 1.513 1
336.0 1.782 1
291.0 1.512 1
287.0 1.319 1
311.0 1.546 1
289.0 1.437 1
309.0 1.588 1
323.0 1.34 1
310.0 1.375 1
307.0 1.262 1
290.0 1.173 1
310.0 1.665 1
328.0 1.455 1
329.0 1.465 1
331.0 1.406 1
330.0 1.444 1
274.0 1.405 1
278.0 1.325 1
264.0 1.25 1
287.0 1.441 1
284.0 1.393 1
287.0 1.497 1
278.0 1.653 1
302.0 1.431 1
299.0 1.252 1
309.0 1.653 1
309.0 1.497 1
321.0 1.726 1
301.0 1.352 1
292.0 1.238 1
282.0 1.746 1
320.0 1.617 1
298.0 1.446 1
320.0 1.135 1
316.0 1.521 1
331.0 1.514 1
301.0 1.648 1
292.0 1.511 1
294.0 1.51 1
318.0 1.468 1
303.0 1.65 1
319.0 1.507 1
304.0 1.406 1
317.0 2.227 1
305.0 1.401 1
319.0 1.361 1
305.0 1.291 1
335.0 1.524 1
333.0 1.391 1
333.0 1.259 1
312.0 1.334 1
331.0 1.346 1
329.0 1.313 1
325.0 1.21 1
314.0 1.313 1
298.0 1.407 1
296.0 1.709 1
288.0 1.624 1
294.0 1.738 1
297.0 1.395 1
272.0 1.213 1
326.0 1.264 1
346.0 1.622 1
313.0 1.582 1
329.0 1.239 1
307.0 1.67 1
311.0 1.645 1
333.0 1.169 1
313.0 1.582 1
347.0 1.548 1
322.0 1.395 1
327.0 1.364 1
350.0 1.343 1
288.0 1.779 2
287.0 1.833 2
277.0 1.786 2
299.0 2.243 2
333.0 2.762 2
330.0 3.069 2
373.0 2.682 2
393.0 3.065 2
384.0 3.428 2
415.0 3.334 2
417.0 3.595 2
423.0 3.474 2
368.0 3.088 2
330.0 2.766 2
297.0 2.953 2
326.0 3.016 2
269.0 2.649 2
263.0 2.468 2
226.0 2.098 2
303.0 1.9 2
261.0 1.825 2
298.0 2.232 2
332.0 2.212 2
366.0 2.895 2
391.0 2.908 2
454.0 3.149 2
446.0 3.401 2
439.0 3.624 2
444.0 3.713 2
464.0 4.0 2
414.0 3.959 2
448.0 3.974 2
394.0 3.772 2
376.0 3.896 2
336.0 3.381 2
276.0 3.234 2
285.0 2.836 2
259.0 2.346 2
303.0 2.447 2
322.0 2.147 2
358.0 1.893 2
389.0 2.32 2
452.0 2.84 2
430.0 3.257 2
455.0 3.379 2
510.0 3.701 2
501.0 3.762 2
451.0 3.602 2
455.0 3.884 2
439.0 3.817 2
418.0 4.072 2
421.0 4.069 2
369.0 4.082 2
408.0 3.904 2
386.0 4.097 2
310.0 3.891 2
282.0 3.299 2
323.0 2.715 2
330.0 2.59 2
396.0 2.483 2
453.0 1.935 2
463.0 2.353 2
435.0 3.332 2
499.0 3.866 2
473.0 3.571 2
459.0 3.668 2
477.0 4.138 2
445.0 3.988 2
446.0 3.615 2
442.0 4.387 2
466.0 4.208 2
450.0 4.122 2
397.0 4.527 2
433.0 4.58 2
372.0 3.973 2
344.0 4.013 2
332.0 3.5 2
396.0 3.945 2
478.0 2.437 2
465.0 2.559 2
479.0 2.346 2
489.0 2.856 2
488.0 3.537 2
477.0 4.218 2
486.0 4.168 2
473.0 4.466 2
482.0 4.375 2
445.0 4.985 2
475.0 4.566 2
492.0 4.388 2
438.0 4.337 2
467.0 4.653 2
453.0 4.073 2
410.0 4.418 2
398.0 4.159 2
350.0 4.052 2
473.0 3.914 2
437.0 3.379 2
479.0 3.264 2
471.0 2.916 2
512.0 3.14 2
488.0 2.908 2
455.0 3.58 2
488.0 3.603 2
493.0 3.898 2
486.0 3.95 2
447.0 4.066 2
503.0 4.283 2
479.0 4.504 2
433.0 4.624 2
458.0 4.4 2
440.0 4.811 2
446.0 4.783 2
345.0 4.44 2
400.0 4.374 2
498.0 4.701 2
510.0 4.128 2
489.0 3.86 2
532.0 3.929 2
499.0 2.803 2
493.0 3.111 2
472.0 3.818 2
417.0 3.862 2
489.0 4.39 2
545.0 4.528 2
486.0 4.521 2
468.0 4.391 2
485.0 4.579 2
412.0 4.115 2
431.0 4.265 2
496.0 4.487 2
440.0 4.583 2
419.0 4.365 2
447.0 4.68 2
463.0 4.451 2
504.0 4.1 2
537.0 4.144 2
488.0 4.298 2
521.0 3.59 2
504.0 3.045 2
445.0 3.142 2
510.0 4.062 2
464.0 3.669 2
480.0 4.439 2
489.0 3.945 2
482.0 4.474 2
483.0 4.258 2
460.0 4.429 2
458.0 4.483 2
499.0 4.623 2
477.0 4.406 2
444.0 4.75 2
441.0 4.658 2
462.0 4.166 2
513.0 4.426 2
514.0 4.402 2
532.0 4.283 2
480.0 4.12 2
461.0 4.071 2
474.0 3.408 2
485.0 3.69 2
504.0 3.718 2
440.0 3.956 2
471.0 4.075 2
451.0 4.246 2
499.0 4.206 2
469.0 4.097 2
478.0 4.379 2
465.0 4.682 2
462.0 4.397 2
407.0 4.271 2
430.0 4.655 2
475.0 4.436 2
504.0 4.403 2
505.0 4.329 2
509.0 4.521 2
497.0 4.085 2
466.0 4.155 2
460.0 3.994 2
453.0 3.434 2
476.0 2.884 2
474.0 3.837 2
455.0 3.59 2
475.0 4.049 2
468.0 4.311 2
445.0 4.545 2
463.0 4.41 2
473.0 4.483 2
451.0 4.694 2
431.0 4.637 2
450.0 4.799 2
521.0 4.558 2
497.0 4.4 2
494.0 4.673 2
497.0 4.83 2
446.0 4.265 2
498.0 4.352 2
496.0 4.295 2
493.0 3.748 2
467.0 3.585 2
475.0 3.245 2
478.0 4.031 2
450.0 3.758 2
522.0 4.593 2
455.0 4.097 2
506.0 4.186 2
445.0 4.207 2
427.0 4.558 2
444.0 4.239 2
441.0 4.188 2
511.0 4.306 2
517.0 4.457 2
491.0 4.491 2
496.0 4.64 2
515.0 4.294 2
456.0 4.459 2
509.0 4.044 2
491.0 3.929 2
465.0 3.454 2
522.0 3.776 2
527.0 3.751 2
464.0 3.397 2
518.0 3.755 2
482.0 4.196 2
470.0 4.0 2
463.0 4.613 2
475.0 3.983 2
455.0 4.247 2
436.0 4.716 2
465.0 4.608 2
468.0 4.89 2
523.0 4.277 2
481.0 4.762 2
508.0 4.164 2
503.0 4.364 2
456.0 4.265 2
452.0 3.855 2
524.0 4.555 2
453.0 3.778 2
453.0 3.43 2
493.0 2.881 2
481.0 3.879 2
524.0 3.805 2
466.0 4.118 2
456.0 3.998 2
436.0 4.128 2
398.0 4.808 2
397.0 4.397 2
456.0 4.356 2
531.0 4.506 2
506.0 4.51 2
501.0 4.424 2
473.0 4.7 2
473.0 4.843 2
473.0 4.284 2
477.0 4.36 2
455.0 4.816 2
501.0 4.232 2
467.0 3.507 2
491.0 3.227 2
472.0 2.962 2
458.0 3.2 2
455.0 4.146 2
460.0 3.732 2
467.0 4.02 2
439.0 4.46 2
347.0 4.338 2
417.0 4.544 2
486.0 4.311 2
484.0 4.4 2
533.0 4.086 2
471.0 5.182 2
477.0 4.339 2
495.0 4.86 2
455.0 4.582 2
471.0 4.235 2
486.0 4.163 2
493.0 3.995 2
468.0 3.355 2
491.0 3.138 2
487.0 2.681 2
500.0 3.501 2
460.0 3.868 2
450.0 3.881 2
438.0 4.36 2
292.0 4.667 2
372.0 4.575 2
449.0 3.969 2
470.0 4.694 2
477.0 4.542 2
534.0 4.3 2
482.0 4.828 2
464.0 4.526 2
535.0 4.403 2
506.0 4.206 2
461.0 3.876 2
466.0 4.448 2
452.0 4.026 2
489.0 3.293 2
446.0 2.885 2
468.0 2.27 2
442.0 3.04 2
425.0 3.284 2
338.0 3.844 2
310.0 4.214 2
350.0 4.667 2
406.0 4.03 2
470.0 4.261 2
503.0 4.368 2
467.0 4.029 2
452.0 4.199 2
492.0 4.109 2
458.0 4.656 2
516.0 4.155 2
488.0 4.757 2
500.0 4.263 2
475.0 3.915 2
459.0 3.215 2
458.0 3.066 2
444.0 3.035 2
438.0 1.807 2
370.0 2.351 2
334.0 2.985 2
294.0 3.254 2
299.0 3.789 2
328.0 3.934 2
418.0 4.316 2
470.0 3.918 2
463.0 4.061 2
461.0 4.567 2
465.0 4.438 2
486.0 4.436 2
425.0 4.154 2
420.0 4.255 2
465.0 4.237 2
455.0 3.823 2
453.0 3.882 2
431.0 3.38 2
416.0 2.762 2
369.0 2.388 2
329.0 2.014 2
314.0 1.873 2
280.0 2.799 2
316.0 3.28 2
330.0 3.47 2
312.0 3.782 2
381.0 4.115 2
440.0 3.853 2
437.0 3.705 2
449.0 4.302 2
406.0 3.992 2
458.0 4.259 2
465.0 4.133 2
432.0 4.404 2
452.0 3.736 2
445.0 3.745 2
393.0 3.003 2
335.0 3.154 2
299.0 2.359 2
277.0 2.326 2
284.0 1.966 2
260.0 2.139 3
250.0 2.24 3
278.0 2.18 3
283.0 2.224 3
282.0 2.229 3
288.0 2.387 3
288.0 2.907 3
344.0 2.823 3
311.0 2.483 3
343.0 3.299 3
351.0 2.884 3
288.0 2.772 3
325.0 2.726 3
308.0 2.567 3
307.0 2.238 3
312.0 2.288 3
319.0 1.88 3
281.0 1.789 3
310.0 1.602 3
280.0 1.943 3
291.0 1.935 3
295.0 2.198 3
308.0 2.006 3
336.0 2.4 3
346.0 2.757 3
398.0 2.851 3
399.0 2.715 3
405.0 3.221 3
396.0 3.303 3
385.0 3.455 3
411.0 3.58 3
353.0 2.803 3
340.0 3.282 3
298.0 2.911 3
325.0 2.662 3
312.0 2.591 3
334.0 2.129 3
282.0 2.251 3
261.0 1.937 3
311.0 1.704 3
301.0 1.961 3
316.0 1.95 3
369.0 2.512 3
432.0 2.488 3
385.0 2.942 3
390.0 2.929 3
408.0 3.313 3
454.0 3.517 3
401.0 3.489 3
459.0 3.592 3
428.0 3.427 3
387.0 3.5 3
350.0 3.271 3
335.0 3.302 3
292.0 3.063 3
303.0 2.857 3
313.0 2.871 3
265.0 2.083 3
329.0 1.69 3
377.0 1.994 3
412.0 2.178 3
354.0 2.874 3
411.0 2.621 3
411.0 3.307 3
444.0 3.259 3
461.0 3.693 3
451.0 3.958 3
442.0 3.432 3
502.0 3.369 3
443.0 3.798 3
440.0 3.412 3
406.0 3.209 3
401.0 3.259 3
348.0 3.668 3
296.0 3.265 3
301.0 3.578 3
307.0 2.783 3
349.0 2.472 3
425.0 1.894 3
413.0 1.808 3
410.0 2.565 3
448.0 3.444 3
449.0 3.244 3
436.0 3.272 3
420.0 3.651 3
473.0 3.128 3
468.0 3.904 3
467.0 3.704 3
458.0 3.817 3
461.0 3.47 3
441.0 3.458 3
421.0 4.17 3
403.0 3.86 3
336.0 3.595 3
331.0 3.604 3
349.0 3.102 3
343.0 2.888 3
407.0 3.05 3
454.0 2.147 3
417.0 1.998 3
459.0 2.898 3
441.0 3.284 3
441.0 3.561 3
495.0 3.236 3
437.0 3.896 3
477.0 3.8 3
416.0 4.087 3
468.0 3.714 3
442.0 3.722 3
474.0 3.63 3
479.0 3.717 3
435.0 3.637 3
389.0 3.209 3
288.0 3.283 3
365.0 3.782 3
428.0 3.972 3
404.0 3.371 3
419.0 3.31 3
436.0 2.643 3
436.0 2.201 3
456.0 2.81 3
475.0 3.048 3
424.0 3.157 3
471.0 3.458 3
435.0 3.788 3
453.0 3.619 3
453.0 3.491 3
491.0 3.9 3
469.0 3.444 3
457.0 3.58 3
505.0 3.675 3
382.0 3.594 3
379.0 3.588 3
391.0 3.784 3
386.0 3.569 3
410.0 3.559 3
458.0 3.836 3
457.0 3.206 3
443.0 2.89 3
427.0 2.325 3
492.0 2.944 3
491.0 3.243 3
475.0 3.661 3
466.0 3.441 3
490.0 3.315 3
525.0 3.962 3
464.0 3.436 3
455.0 3.792 3
527.0 4.049 3
449.0 3.874 3
458.0 3.739 3
390.0 3.793 3
364.0 3.615 3
403.0 3.745 3
381.0 3.731 3
475.0 3.722 3
482.0 3.33 3
468.0 3.207 3
485.0 3.262 3
426.0 3.117 3
480.0 3.041 3
469.0 3.418 3
453.0 3.486 3
454.0 3.849 3
465.0 3.438 3
490.0 3.734 3
458.0 4.266 3
439.0 4.208 3
480.0 3.75 3
472.0 3.766 3
393.0 3.809 3
453.0 3.95 3
434.0 3.721 3
424.0 4.087 3
431.0 3.623 3
452.0 3.722 3
480.0 3.308 3
457.0 3.421 3
492.0 3.469 3
471.0 2.834 3
483.0 3.166 3
489.0 3.299 3
484.0 4.025 3
481.0 3.239 3
466.0 3.674 3
492.0 3.588 3
503.0 3.837 3
447.0 3.527 3
459.0 3.489 3
450.0 4.274 3
390.0 3.534 3
428.0 3.834 3
405.0 3.643 3
445.0 3.893 3
444.0 3.594 3
409.0 3.898 3
474.0 3.079 3
479.0 3.721 3
431.0 2.845 3
460.0 2.824 3
458.0 3.337 3
481.0 3.057 3
485.0 3.7 3
464.0 3.91 3
489.0 3.697 3
484.0 4.185 3
496.0 3.862 3
485.0 3.53 3
446.0 3.851 3
412.0 4.057 3
430.0 3.622 3
458.0 3.7 3
473.0 4.163 3
481.0 3.864 3
462.0 3.742 3
473.0 3.398 3
473.0 3.435 3
459.0 3.415 3
475.0 3.117 3
517.0 2.6 3
448.0 3.154 3
545.0 2.952 3
514.0 3.412 3
490.0 3.923 3
457.0 4.047 3
509.0 3.596 3
482.0 3.928 3
424.0 3.64 3
374.0 3.611 3
408.0 3.387 3
437.0 3.663 3
441.0 3.782 3
465.0 3.993 3
460.0 3.811 3
513.0 3.634 3
464.0 3.306 3
449.0 3.713 3
485.0 3.13 3
443.0 3.191 3
457.0 2.958 3
448.0 2.682 3
450.0 3.471 3
469.0 3.251 3
497.0 3.661 3
449.0 4.273 3
455.0 3.352 3
394.0 3.879 3
431.0 3.73 3
426.0 3.801 3
450.0 3.959 3
430.0 3.683 3
441.0 4.024 3
445.0 3.622 3
446.0 3.705 3
452.0 3.99 3
497.0 3.737 3
463.0 3.82 3
467.0 3.409 3
458.0 2.901 3
522.0 2.759 3
498.0 2.657 3
458.0 3.281 3
483.0 3.31 3
442.0 2.987 3
457.0 3.373 3
419.0 4.026 3
427.0 3.7 3
425.0 3.635 3
439.0 3.688 3
411.0 4.297 3
438.0 3.607 3
468.0 3.712 3
468.0 3.377 3
506.0 3.854 3
494.0 3.659 3
468.0 3.232 3
489.0 3.583 3
478.0 3.156 3
440.0 3.026 3
487.0 2.548 3
468.0 2.854 3
459.0 2.678 3
462.0 3.182 3
421.0 3.513 3
406.0 3.755 3
374.0 3.781 3
409.0 3.741 3
433.0 3.891 3
455.0 3.888 3
445.0 3.697 3
460.0 3.445 3
443.0 3.973 3
483.0 3.842 3
438.0 3.938 3
454.0 3.508 3
482.0 3.183 3
455.0 3.343 3
482.0 3.183 3
471.0 2.948 3
435.0 2.308 3
488.0 2.478 3
481.0 2.843 3
405.0 3.332 3
373.0 3.54 3
322.0 3.564 3
409.0 3.79 3
389.0 3.504 3
471.0 3.621 3
429.0 4.084 3
468.0 3.606 3
480.0 3.092 3
420.0 3.528 3
444.0 3.506 3
475.0 3.567 3
498.0 3.056 3
481.0 3.502 3
510.0 2.942 3
411.0 2.812 3
456.0 2.307 3
438.0 2.015 3
462.0 1.963 3
389.0 2.27 3
338.0 2.788 3
327.0 2.918 3
354.0 3.346 3
396.0 3.693 3
416.0 3.126 3
435.0 3.801 3
417.0 3.598 3
458.0 3.201 3
457.0 3.46 3
443.0 3.489 3
476.0 3.492 3
447.0 3.11 3
437.0 3.134 3
468.0 2.714 3
468.0 2.533 3
432.0 2.744 3
423.0 2.409 3
362.0 1.787 3
354.0 2.271 3
333.0 1.978 3
274.0 2.376 3
336.0 3.125 3
378.0 2.722 3
408.0 3.312 3
441.0 3.518 3
431.0 3.503 3
431.0 3.511 3
422.0 3.429 3
432.0 3.462 3
455.0 3.272 3
491.0 3.459 3
481.0 2.839 3
431.0 3.232 3
415.0 2.938 3
426.0 2.929 3
372.0 2.11 3
361.0 1.913 3
340.0 2.011 3
309.0 1.499 3
278.0 2.252 3
270.0 2.054 3
310.0 2.065 3
363.0 2.818 3
388.0 3.543 3
382.0 2.909 3
388.0 3.179 3
441.0 3.703 3
437.0 3.279 3
420.0 3.129 3
414.0 3.303 3
412.0 2.718 3
425.0 2.998 3
400.0 3.226 3
401.0 2.567 3
364.0 2.337 3
320.0 2.017 3
324.0 2.03 3
290.0 1.602 3
321.0 1.307 4
326.0 1.795 4
320.0 1.711 4
317.0 1.19 4
335.0 1.343 4
310.0 1.367 4
327.0 1.466 4
342.0 1.382 4
316.0 1.531 4
328.0 1.276 4
305.0 1.472 4
323.0 1.234 4
320.0 1.499 4
347.0 1.473 4
289.0 1.507 4
298.0 1.778 4
319.0 1.421 4
303.0 1.189 4
322.0 1.512 4
296.0 1.264 4
325.0 1.278 4
300.0 1.483 4
348.0 1.601 4
312.0 1.385 4
323.0 1.296 4
329.0 1.311 4
345.0 1.31 4
317.0 1.497 4
344.0 1.644 4
347.0 1.534 4
336.0 1.702 4
317.0 1.085 4
337.0 1.489 4
335.0 1.399 4
293.0 1.43 4
341.0 1.391 4
305.0 1.538 4
292.0 1.554 4
292.0 1.381 4
303.0 1.624 4
315.0 1.428 4
329.0 1.258 4
329.0 1.409 4
333.0 1.846 4
348.0 1.53 4
333.0 1.572 4
371.0 1.54 4
381.0 1.576 4
394.0 1.477 4
375.0 1.528 4
363.0 1.534 4
366.0 1.762 4
351.0 1.751 4
334.0 2.004 4
320.0 1.926 4
320.0 1.547 4
337.0 1.34 4
331.0 1.442 4
301.0 1.609 4
330.0 1.507 4
327.0 1.341 4
336.0 1.286 4
361.0 1.606 4
345.0 1.427 4
332.0 1.535 4
389.0 1.531 4
364.0 1.613 4
387.0 1.714 4
403.0 1.625 4
385.0 1.547 4
352.0 1.998 4
331.0 1.758 4
335.0 1.774 4
331.0 2.052 4
335.0 1.933 4
322.0 2.101 4
288.0 1.798 4
336.0 2.146 4
337.0 1.448 4
329.0 1.648 4
386.0 1.423 4
355.0 1.659 4
384.0 1.482 4
374.0 1.702 4
407.0 1.415 4
360.0 1.644 4
376.0 1.617 4
398.0 1.617 4
377.0 1.683 4
396.0 2.076 4
374.0 2.0 4
358.0 1.902 4
350.0 2.379 4
345.0 2.409 4
298.0 2.428 4
339.0 2.145 4
332.0 2.072 4
354.0 2.277 4
376.0 1.919 4
374.0 2.009 4
355.0 2.229 4
395.0 2.048 4
391.0 1.978 4
421.0 1.504 4
384.0 1.648 4
418.0 1.945 4
392.0 1.432 4
375.0 1.557 4
397.0 2.283 4
350.0 2.042 4
348.0 1.854 4
378.0 2.072 4
335.0 1.989 4
352.0 2.134 4
341.0 2.454 4
321.0 2.156 4
364.0 2.129 4
390.0 2.335 4
363.0 1.866 4
394.0 2.189 4
409.0 1.768 4
371.0 2.106 4
420.0 2.083 4
421.0 1.95 4
367.0 2.02 4
408.0 1.447 4
364.0 1.598 4
385.0 1.539 4
401.0 1.639 4
361.0 1.855 4
364.0 1.799 4
391.0 2.284 4
343.0 2.059 4
311.0 2.321 4
335.0 2.132 4
354.0 2.274 4
385.0 2.27 4
371.0 2.2 4
373.0 2.334 4
395.0 1.972 4
401.0 2.356 4
404.0 2.042 4
406.0 2.064 4
363.0 1.993 4
416.0 2.084 4
398.0 1.854 4
384.0 1.41 4
343.0 1.54 4
343.0 1.827 4
391.0 2.093 4
373.0 2.226 4
366.0 2.421 4
356.0 2.256 4
325.0 2.126 4
385.0 2.389 4
372.0 2.468 4
412.0 2.4 4
371.0 2.12 4
366.0 2.231 4
353.0 2.227 4
375.0 2.202 4
396.0 2.263 4
366.0 2.104 4
409.0 1.988 4
348.0 2.158 4
385.0 2.05 4
361.0 1.906 4
382.0 1.835 4
344.0 1.557 4
373.0 1.792 4
364.0 1.965 4
327.0 2.263 4
371.0 2.29 4
373.0 2.21 4
382.0 2.556 4
372.0 2.487 4
372.0 2.163 4
409.0 2.585 4
339.0 2.638 4
324.0 2.72 4
373.0 2.349 4
371.0 2.325 4
384.0 2.496 4
410.0 2.289 4
382.0 2.194 4
386.0 2.066 4
373.0 2.51 4
382.0 2.051 4
372.0 1.649 4
355.0 1.745 4
355.0 1.873 4
364.0 2.299 4
368.0 1.979 4
341.0 2.25 4
397.0 2.401 4
377.0 2.513 4
386.0 2.15 4
382.0 2.158 4
397.0 2.413 4
368.0 2.611 4
398.0 2.392 4
373.0 2.39 4
380.0 2.19 4
390.0 2.781 4
379.0 2.536 4
379.0 2.213 4
383.0 2.276 4
366.0 2.395 4
335.0 2.407 4
348.0 2.295 4
344.0 1.601 4
357.0 2.135 4
338.0 1.963 4
405.0 2.259 4
393.0 2.17 4
376.0 2.514 4
379.0 2.231 4
386.0 2.465 4
396.0 2.439 4
386.0 2.297 4
388.0 2.717 4
354.0 2.419 4
395.0 2.042 4
372.0 2.282 4
375.0 2.464 4
363.0 2.366 4
405.0 2.1 4
357.0 2.017 4
323.0 2.313 4
342.0 2.145 4
370.0 2.105 4
370.0 1.941 4
344.0 1.728 4
375.0 2.209 4
380.0 2.407 4
410.0 2.252 4
390.0 2.345 4
359.0 2.551 4
364.0 2.506 4
371.0 2.614 4
374.0 2.34 4
365.0 2.224 4
333.0 2.518 4
361.0 2.315 4
357.0 2.447 4
370.0 2.26 4
352.0 2.551 4
351.0 2.292 4
333.0 2.177 4
344.0 2.209 4
373.0 2.163 4
391.0 2.211 4
365.0 2.432 4
388.0 2.15 4
332.0 2.214 4
362.0 2.063 4
391.0 2.604 4
352.0 2.479 4
364.0 2.656 4
377.0 2.545 4
398.0 2.375 4
366.0 2.44 4
349.0 2.758 4
385.0 2.314 4
355.0 2.302 4
317.0 2.486 4
328.0 2.368 4
352.0 2.351 4
349.0 2.569 4
351.0 2.445 4
349.0 2.203 4
377.0 2.425 4
369.0 2.013 4
340.0 1.916 4
362.0 2.008 4
364.0 2.328 4
407.0 2.171 4
376.0 2.345 4
389.0 2.101 4
342.0 2.408 4
366.0 2.492 4
364.0 2.344 4
374.0 2.098 4
358.0 2.396 4
357.0 2.534 4
291.0 2.364 4
330.0 2.533 4
300.0 2.534 4
337.0 2.343 4
331.0 2.375 4
353.0 2.327 4
386.0 2.259 4
366.0 2.246 4
367.0 1.99 4
353.0 1.777 4
355.0 2.093 4
365.0 1.788 4
363.0 2.052 4
375.0 2.323 4
363.0 2.699 4
361.0 2.056 4
323.0 2.426 4
353.0 2.117 4
319.0 2.364 4
332.0 2.633 4
331.0 2.256 4
326.0 2.441 4
338.0 2.156 4
358.0 2.539 4
350.0 2.532 4
367.0 2.499 4
381.0 2.611 4
368.0 2.177 4
410.0 2.168 4
376.0 2.029 4
355.0 2.033 4
337.0 1.871 4
388.0 2.062 4
362.0 2.352 4
361.0 2.32 4
356.0 2.424 4
326.0 2.249 4
329.0 2.503 4
275.0 2.265 4
300.0 2.342 4
327.0 2.468 4
318.0 2.474 4
330.0 2.357 4
361.0 2.368 4
361.0 2.551 4
335.0 2.585 4
362.0 2.389 4
380.0 2.528 4
366.0 2.14 4
340.0 1.831 4
392.0 2.086 4
358.0 1.654 4
339.0 1.955 4
342.0 2.534 4
359.0 2.275 4
310.0 2.165 4
295.0 2.236 4
272.0 2.389 4
283.0 2.339 4
290.0 2.222 4
324.0 2.712 4
321.0 2.185 4
334.0 2.28 4
346.0 2.732 4
355.0 2.483 4
349.0 2.352 4
366.0 2.492 4
343.0 2.233 4
336.0 2.44 4
364.0 1.882 4
342.0 2.304 4
332.0 1.713 4
319.0 1.52 4
297.0 1.603 4
311.0 1.971 4
297.0 2.461 4
278.0 2.243 4
275.0 2.408 4
284.0 2.401 4
297.0 2.502 4
283.0 2.316 4
360.0 2.315 4
320.0 2.327 4
350.0 2.447 4
336.0 2.167 4
337.0 2.206 4
315.0 2.503 4
347.0 2.634 4
340.0 2.31 4
336.0 2.183 4
297.0 2.52 4
309.0 2.034 4
303.0 1.998 4
306.0 1.793 4
265.0 1.909 4
295.0 1.923 4
269.0 1.845 4
269.0 2.054 4
268.0 2.325 4
298.0 2.599 4
324.0 2.532 4
306.0 2.356 4
293.0 2.404 4
322.0 2.385 4
329.0 2.399 4
327.0 2.092 4
303.0 2.294 4
315.0 2.172 4
341.0 2.394 4
311.0 2.229 4
306.0 1.85 4
263.0 2.148 4
281.0 1.863 4
262.0 2.004 4
249.0 1.58 5
241.0 1.577 5
273.0 1.453 5
233.0 1.876 5
280.0 1.663 5
251.0 1.128 5
243.0 1.464 5
239.0 1.146 5
260.0 1.198 5
253.0 1.2 5
257.0 1.565 5
224.0 2.001 5
287.0 1.263 5
237.0 1.566 5
231.0 1.334 5
248.0 1.265 5
250.0 1.83 5
260.0 1.553 5
250.0 1.414 5
229.0 1.479 5
236.0 1.596 5
296.0 1.617 5
254.0 1.249 5
264.0 1.299 5
282.0 1.445 5
256.0 1.573 5
220.0 1.606 5
242.0 1.354 5
230.0 1.395 5
248.0 1.62 5
224.0 1.235 5
232.0 1.559 5
248.0 1.268 5
262.0 1.411 5
256.0 1.527 5
238.0 1.099 5
214.0 1.225 5
261.0 1.482 5
267.0 1.305 5
263.0 1.322 5
201.0 1.464 5
243.0 1.835 5
226.0 1.405 5
236.0 1.736 5
256.0 1.615 5
231.0 1.509 5
238.0 1.336 5
249.0 1.625 5
247.0 1.126 5
249.0 1.428 5
272.0 1.217 5
247.0 1.843 5
251.0 1.264 5
225.0 1.379 5
250.0 1.344 5
238.0 1.004 5
249.0 1.274 5
227.0 1.106 5
237.0 1.332 5
233.0 1.044 5
260.0 1.553 5
248.0 1.453 5
231.0 1.949 5
236.0 1.456 5
243.0 1.382 5
246.0 1.523 5
246.0 1.385 5
250.0 1.558 5
247.0 1.44 5
207.0 1.271 5
244.0 1.07 5
259.0 1.063 5
247.0 1.114 5
255.0 1.62 5
233.0 1.083 5
234.0 1.342 5
242.0 1.396 5
238.0 1.506 5
265.0 1.11 5
228.0 1.579 5
245.0 1.861 5
278.0 1.408 5
251.0 1.507 5
239.0 1.35 5
239.0 1.394 5
236.0 1.547 5
205.0 1.421 5
239.0 1.169 5
229.0 1.322 5
246.0 1.363 5
249.0 1.126 5
243.0 1.635 5
250.0 1.128 5
232.0 1.223 5
220.0 1.555 5
225.0 1.257 5
218.0 1.175 5
230.0 1.142 5
241.0 1.34 5
228.0 1.112 5
242.0 0.964 5
230.0 1.262 5
247.0 1.201 5
242.0 1.262 5
236.0 1.329 5
246.0 1.353 5
223.0 1.196 5
223.0 1.543 5
251.0 1.378 5
247.0 1.252 5
232.0 1.065 5
240.0 1.1 5
248.0 1.225 5
227.0 1.237 5
271.0 1.314 5
253.0 1.014 5
248.0 1.126 5
234.0 1.11 5
257.0 1.043 5
234.0 1.295 5
262.0 1.179 5
247.0 1.168 5
244.0 1.082 5
231.0 1.065 5
249.0 1.314 5
251.0 1.375 5
243.0 1.554 5
241.0 1.369 5
256.0 1.268 5
248.0 1.154 5
